3.006	-0.020066647	-0.00890378
3.012	-0.02067247	-0.00917259
3.018	-0.021294681	-0.009448671
3.024	-0.021933025	-0.009731911
3.03	-0.022587174	-0.010022164
3.036	-0.023256754	-0.010319263
3.042	-0.023941358	-0.010623029
3.048	-0.024640563	-0.010933274
3.054	-0.025353935	-0.011249804
3.06	-0.026081037	-0.011572427
3.066	-0.026821435	-0.011900949
3.072	-0.0275747	-0.012235181
3.078	-0.028340407	-0.012574933
3.084	-0.029118142	-0.012920022
3.09	-0.029907498	-0.013270268
3.096	-0.03070808	-0.013625494
3.102	-0.0315195	-0.013985529
3.108	-0.032341381	-0.014350207
3.114	-0.033173356	-0.014719363
3.12	-0.034015067	-0.015092838
3.126	-0.034866166	-0.01547048
3.132	-0.035726313	-0.015852136
3.138	-0.036595179	-0.016237661
3.144	-0.037472442	-0.016626911
3.15	-0.038357788	-0.017019749
3.156	-0.039250913	-0.017416038
3.162	-0.04015152	-0.017815646
3.168	-0.041059319	-0.018218446
3.174	-0.041974026	-0.018624311
3.18	-0.042895368	-0.01903312
3.186	-0.043823076	-0.019444754
3.192	-0.044756886	-0.019859095
3.198	-0.045696543	-0.020276031
3.204	-0.046641797	-0.02069545
3.21	-0.047592404	-0.021117244
3.216	-0.048548125	-0.021541307
3.222	-0.049508726	-0.021967536
3.228	-0.050473979	-0.022395829
3.234	-0.051443659	-0.022826086
3.24	-0.052417549	-0.023258211
3.246	-0.053395431	-0.023692107
3.252	-0.054377097	-0.024127683
3.258	-0.05536234	-0.024564845
3.264	-0.056350955	-0.025003504
3.27	-0.057342744	-0.025443571
3.276	-0.058337511	-0.025884959
3.282	-0.059335062	-0.026327583
3.288	-0.060335208	-0.026771358
3.294	-0.061337761	-0.027216202
3.3	-0.062342538	-0.027662031
3.306	-0.063349354	-0.028108766
3.312	-0.064358032	-0.028556327
3.318	-0.065368392	-0.029004634
3.324	-0.066380259	-0.02945361
3.33	-0.067393459	-0.029903177
3.336	-0.068407819	-0.030353259
3.342	-0.069423167	-0.03080378
3.348	-0.070439335	-0.031254664
3.354	-0.071456153	-0.031705837
3.36	-0.072473453	-0.032157224
3.366	-0.073491068	-0.03260875
3.372	-0.074508831	-0.033060342
3.378	-0.075526576	-0.033511926
3.384	-0.076544138	-0.033963429
3.39	-0.07756135	-0.034414776
3.396	-0.078578048	-0.034865896
3.402	-0.079594064	-0.035316713
3.408	-0.080609234	-0.035767154
3.414	-0.081623389	-0.036217145
3.42	-0.082636363	-0.036666612
3.426	-0.083647988	-0.037115481
3.432	-0.084658095	-0.037563676
3.438	-0.085666513	-0.038011121
3.444	-0.08667307	-0.038457741
3.45	-0.087677595	-0.038903459
3.456	-0.088679912	-0.039348198
3.462	-0.089679846	-0.039791879
3.468	-0.090677218	-0.040234423
3.474	-0.091671848	-0.040675751
3.48	-0.092663553	-0.04111578
3.486	-0.093652149	-0.041554431
3.492	-0.094637448	-0.041991618
3.498	-0.09561926	-0.042427258
3.504	-0.096597392	-0.042861266
3.51	-0.097571648	-0.043293553
3.516	-0.098541829	-0.043724033
3.522	-0.099507731	-0.044152613
3.528	-0.100469148	-0.044579204
3.534	-0.10142587	-0.045003712
3.54	-0.102377682	-0.04542604
3.546	-0.103324366	-0.045846094
3.552	-0.104265699	-0.046263773
3.558	-0.105201452	-0.046678977
3.564	-0.106131393	-0.047091601
3.57	-0.107055282	-0.047501538
3.576	-0.10797287	-0.047908679
3.582	-0.108883907	-0.048312909
3.588	-0.109788131	-0.048714112
3.594	-0.110685277	-0.049112169
3.6	-0.111575074	-0.049506958
3.606	-0.112457242	-0.049898353
3.612	-0.113331496	-0.050286227
3.618	-0.114197543	-0.050670448
3.624	-0.115055085	-0.051050883
3.63	-0.115903815	-0.051427392
3.636	-0.116743419	-0.051799837
3.642	-0.117573575	-0.052168073
3.648	-0.118393954	-0.052531951
3.654	-0.119204219	-0.052891322
3.66	-0.120004023	-0.05324603
3.666	-0.12079301	-0.053595916
3.672	-0.121570818	-0.053940817
3.678	-0.12233707	-0.054280565
3.684	-0.123091379	-0.054614988
3.69	-0.123833345	-0.054943906
3.696	-0.124562552	-0.055267133
3.702	-0.125278568	-0.055584477
3.708	-0.125980943	-0.055895736
3.714	-0.126669208	-0.056200702
3.72	-0.127342881	-0.056499159
3.726	-0.128001476	-0.05679089
3.732	-0.128644512	-0.05707568
3.738	-0.12927154	-0.057353329
3.744	-0.129882168	-0.057623662
3.75	-0.130476102	-0.057886547
3.756	-0.131053192	-0.058141916
3.762	-0.131613437	-0.058389767
3.768	-0.132156965	-0.058630157
3.774	-0.132684003	-0.058863183
3.78	-0.133194847	-0.059088976
3.786	-0.13368984	-0.059307688
3.792	-0.134169359	-0.059519482
3.798	-0.134633795	-0.059724533
3.804	-0.135083551	-0.059923017
3.81	-0.135519031	-0.060115112
3.816	-0.135940637	-0.060300994
3.822	-0.136348767	-0.060480839
3.828	-0.136743811	-0.060654818
3.834	-0.13712615	-0.060823099
3.84	-0.137496156	-0.060985845
3.846	-0.137854193	-0.061143215
3.852	-0.13820061	-0.061295364
3.858	-0.13853575	-0.061442441
3.864	-0.138859944	-0.06158459
3.87	-0.139173512	-0.061721954
3.876	-0.139476766	-0.061854666
3.882	-0.139770005	-0.06198286
3.888	-0.140053521	-0.062106661
3.894	-0.140327596	-0.062226193
3.9	-0.140592502	-0.062341575
3.906	-0.140848501	-0.062452921
3.912	-0.14109585	-0.062560341
3.918	-0.141334793	-0.062663943
3.924	-0.141565569	-0.062763829
3.93	-0.141788408	-0.0628601
3.936	-0.142003531	-0.06295285
3.942	-0.142211153	-0.063042173
3.948	-0.142411481	-0.063128157
3.954	-0.142604715	-0.063210889
3.96	-0.142791048	-0.063290451
3.966	-0.142970665	-0.063366923
3.972	-0.143143746	-0.06344038
3.978	-0.143310464	-0.063510898
3.984	-0.143470987	-0.063578546
3.99	-0.143625473	-0.063643392
3.996	-0.14377408	-0.063705502
4.002	-0.143916954	-0.063764938
4.008	-0.144054241	-0.06382176
4.014	-0.144186077	-0.063876026
4.02	-0.144312595	-0.063927789
4.026	-0.144433923	-0.063977104
4.032	-0.144550182	-0.06402402
4.038	-0.144661491	-0.064068584
4.044	-0.144767962	-0.064110843
4.05	-0.144869702	-0.064150839
4.056	-0.144966815	-0.064188614
4.062	-0.145059399	-0.064224206
4.068	-0.145147549	-0.064257652
4.074	-0.145231354	-0.064288988
4.08	-0.145310901	-0.064318246
4.086	-0.14538627	-0.064345456
4.092	-0.14545754	-0.064370647
4.098	-0.145524784	-0.064393847
4.104	-0.145588072	-0.06441508
4.11	-0.14564747	-0.064434369
4.116	-0.145703039	-0.064451736
4.122	-0.145754839	-0.0644672
4.128	-0.145802924	-0.064480778
4.134	-0.145847346	-0.064492487
4.14	-0.145888151	-0.06450234
4.146	-0.145925385	-0.06451035
4.152	-0.145959089	-0.064516526
4.158	-0.145989299	-0.064520879
4.164	-0.14601605	-0.064523415
4.17	-0.146039373	-0.064524139
4.176	-0.146059296	-0.064523055
4.182	-0.146075843	-0.064520166
4.188	-0.146089035	-0.064515471
4.194	-0.146098891	-0.064508969
4.2	-0.146105424	-0.064500657
4.206	-0.146108648	-0.06449053
4.212	-0.14610857	-0.064478582
4.218	-0.146105197	-0.064464805
4.224	-0.14609853	-0.064449188
4.23	-0.146088569	-0.064431721
4.236	-0.146075311	-0.06441239
4.242	-0.146058748	-0.064391181
4.248	-0.146038871	-0.064368076
4.254	-0.146015667	-0.064343057
4.26	-0.14598912	-0.064316105
4.266	-0.145959211	-0.064287196
4.272	-0.145925918	-0.064256309
4.278	-0.145889215	-0.064223416
4.284	-0.145849074	-0.06418849
4.29	-0.145805464	-0.064151504
4.296	-0.145758349	-0.064112424
4.302	-0.145707691	-0.064071219
4.308	-0.145653451	-0.064027854
4.314	-0.145595583	-0.063982293
4.32	-0.145534044	-0.063934499
4.326	-0.145468786	-0.063884433
4.332	-0.14539976	-0.063832056
4.338	-0.145326914	-0.063777328
4.344	-0.145250191	-0.063720204
4.35	-0.145169533	-0.06366064
4.356	-0.145084879	-0.063598589
4.362	-0.144996162	-0.063534002
4.368	-0.144903314	-0.063466826
4.374	-0.144806261	-0.063397009
4.38	-0.144704926	-0.063324492
4.386	-0.144599228	-0.063249218
4.392	-0.144489081	-0.063171125
4.398	-0.144374398	-0.063090149
4.404	-0.144255083	-0.063006222
4.41	-0.144131039	-0.062919276
4.416	-0.144002165	-0.062829238
4.422	-0.143868353	-0.062736033
4.428	-0.143729491	-0.062639582
4.434	-0.143585465	-0.062539805
4.44	-0.143436153	-0.062436617
4.446	-0.143281429	-0.06232993
4.452	-0.143121164	-0.062219655
4.458	-0.14295522	-0.062105698
4.464	-0.142783459	-0.061987961
4.47	-0.142605732	-0.061866343
4.476	-0.142421889	-0.06174074
4.482	-0.142231773	-0.061611046
4.488	-0.14203522	-0.061477147
4.494	-0.141832063	-0.061338929
4.5	-0.141622125	-0.061196273
4.506	-0.141405227	-0.061049055
4.512	-0.141181181	-0.060897149
4.518	-0.140949793	-0.060740421
4.524	-0.140710864	-0.060578737
4.53	-0.140464187	-0.060411957
4.536	-0.140209547	-0.060239934
4.542	-0.139946723	-0.06006252
4.548	-0.139675487	-0.059879561
4.554	-0.139395604	-0.059690896
4.56	-0.139106828	-0.059496361
4.566	-0.138808909	-0.059295787
4.572	-0.138501587	-0.059088998
4.578	-0.138184593	-0.058875813
4.584	-0.137857651	-0.058656047
4.59	-0.137520474	-0.058429506
4.596	-0.137172768	-0.058195992
4.602	-0.136814228	-0.057955302
4.608	-0.136444541	-0.057707223
4.614	-0.136063382	-0.057451538
4.62	-0.135670417	-0.057188024
4.626	-0.135265302	-0.056916448
4.632	-0.134847681	-0.056636572
4.638	-0.134417189	-0.056348152
4.644	-0.133973447	-0.056050933
4.65	-0.133516068	-0.055744655
4.656	-0.133044649	-0.055429051
4.662	-0.13255878	-0.055103843
4.668	-0.132058034	-0.054768746
4.674	-0.131541971	-0.054423467
4.68	-0.131010139	-0.054067702
4.686	-0.130462065	-0.053701134
4.692	-0.129897261	-0.053323438
4.698	-0.129315216	-0.052934271
4.704	-0.128715396	-0.052533277
4.71	-0.128097241	-0.052120081
4.716	-0.127460172	-0.051694295
4.722	-0.126803587	-0.051255518
4.728	-0.126126881	-0.050803346
4.734	-0.125429462	-0.050337381
4.74	-0.124710782	-0.049857259
4.746	-0.123970378	-0.049362669
4.752	-0.123207925	-0.048853395
4.758	-0.122423299	-0.048329353
4.764	-0.121616577	-0.047790592
4.77	-0.120787999	-0.047237274
4.776	-0.11993793	-0.046669641
4.782	-0.119066824	-0.046087993
4.788	-0.11817519	-0.045492672
4.794	-0.117263578	-0.044884044
4.8	-0.116332558	-0.044262487
4.806	-0.115382711	-0.043628388
4.812	-0.114414621	-0.042982137
4.818	-0.113428866	-0.04232412
4.824	-0.112426021	-0.041654718
4.83	-0.111406649	-0.040974307
4.836	-0.110371303	-0.040283255
4.842	-0.109320522	-0.039581922
4.848	-0.108254834	-0.038870659
4.854	-0.107174753	-0.038149809
4.86	-0.106080781	-0.037419706
4.866	-0.104973407	-0.036680675
4.872	-0.103853105	-0.035933033
4.878	-0.102720338	-0.035177088
4.884	-0.101575558	-0.034413142
4.89	-0.100419203	-0.033641485
4.896	-0.099251701	-0.032862403
4.902	-0.098073467	-0.032076174
4.908	-0.096884908	-0.031283067
4.914	-0.095686417	-0.030483345
4.92	-0.094478382	-0.029677266
4.926	-0.093261176	-0.028865078
4.932	-0.092035166	-0.028047027
4.938	-0.090800709	-0.02722335
4.944	-0.089558154	-0.02639428
4.95	-0.088307841	-0.025560042
4.956	-0.087050102	-0.02472086
4.962	-0.085785263	-0.023876948
4.968	-0.084513641	-0.023028519
4.974	-0.083235546	-0.02217578
4.98	-0.081951283	-0.021318933
4.986	-0.08066115	-0.020458177
4.992	-0.079365437	-0.019593706
4.998	-0.07806443	-0.01872571
5.004	-0.076758411	-0.017854376
5.01	-0.075447653	-0.016979888
5.016	-0.074132428	-0.016102424
5.022	-0.072813	-0.015222163
5.028	-0.07148963	-0.014339279
5.034	-0.070162575	-0.013453941
5.04	-0.068832089	-0.012566319
5.046	-0.06749842	-0.011676579
5.052	-0.066161813	-0.010784884
5.058	-0.064822512	-0.009891396
5.064	-0.063480755	-0.008996276
5.07	-0.062136781	-0.008099679
5.076	-0.060790822	-0.007201763
5.082	-0.059443111	-0.006302683
5.088	-0.058093877	-0.00540259
5.094	-0.056743349	-0.004501639
5.1	-0.055391753	-0.003599978
5.106	-0.054039314	-0.002697758
5.112	-0.052686256	-0.001795129
5.118	-0.051332801	-0.000892238
5.124	-0.049979171	1.08E-05
5.13	-0.048625588	0.000913735
5.136	-0.047272273	0.001816523
5.142	-0.045919446	0.002718983
5.148	-0.044567328	0.003620966
5.154	-0.043216142	0.004522326
5.16	-0.041866107	0.005422915
5.166	-0.040517446	0.006322585
5.172	-0.039170384	0.007221186
5.178	-0.037825143	0.00811857
5.184	-0.036481949	0.009014586
5.19	-0.035141029	0.009909083
5.196	-0.033802613	0.010801908
5.202	-0.03246693	0.011692908
5.208	-0.031134214	0.012581926
5.214	-0.029804699	0.013468808
5.22	-0.028478624	0.014353393
5.226	-0.027156228	0.015235522
5.232	-0.025837755	0.016115032
5.238	-0.024523453	0.016991759
5.244	-0.02321357	0.017865536
5.25	-0.021908362	0.018736194
5.256	-0.020608085	0.01960356
5.262	-0.019313002	0.020467461
5.268	-0.018023378	0.021327718
5.274	-0.016739486	0.022184152
5.28	-0.0154616	0.023036577
5.286	-0.014190001	0.023884807
5.292	-0.012924976	0.024728652
5.298	-0.011666817	0.025567915
5.304	-0.010415821	0.026402399
5.31	-0.009172292	0.027231901
5.316	-0.007936544	0.028056214
5.322	-0.006708895	0.028875126
5.328	-0.005489674	0.029688422
5.334	-0.004279218	0.030495879
5.34	-0.003077872	0.031297273
5.346	-0.001885987	0.032092372
5.352	-0.000703927	0.032880939
5.358	0.000467939	0.033662731
5.364	0.001629232	0.0344375
5.37	0.002779563	0.035204992
5.376	0.003918535	0.035964945
5.382	0.00504574	0.036717093
5.388	0.006160761	0.03746116
5.394	0.007263171	0.038196867
5.4	0.008352531	0.038923925
5.406	0.009428392	0.039642039
5.412	0.010490294	0.040350905
5.418	0.011537765	0.041050213
5.424	0.012570318	0.041739643
5.43	0.013587455	0.042418865
5.436	0.01458866	0.043087539
5.442	0.015573398	0.043745314
5.448	0.016541115	0.044391822
5.454	0.017491233	0.045026683
5.46	0.018423152	0.045649499
5.466	0.019336246	0.046259857
5.472	0.020229874	0.046857334
5.478	0.021103388	0.0474415
5.484	0.021956153	0.048011937
5.49	0.022787581	0.048568255
5.496	0.023597166	0.049110122
5.502	0.024384543	0.049637297
5.508	0.025149547	0.050149675
5.514	0.025892211	0.050647282
5.52	0.026612738	0.051130255
5.526	0.027311448	0.051598815
5.532	0.027988754	0.05205324
5.538	0.028645125	0.052493847
5.544	0.029281068	0.052920979
5.55	0.029897112	0.053334992
5.556	0.030493794	0.05373625
5.562	0.031071656	0.054125118
5.568	0.031631235	0.05450196
5.574	0.032173059	0.054867132
5.58	0.03269765	0.055220987
5.586	0.033205514	0.055563868
5.592	0.033697147	0.055896111
5.598	0.034173032	0.056218042
5.604	0.034633636	0.056529979
5.61	0.035079414	0.056832231
5.616	0.035510807	0.057125097
5.622	0.035928242	0.057408868
5.628	0.036332133	0.057683826
5.634	0.036722882	0.057950245
5.64	0.037100875	0.058208389
5.646	0.037466488	0.058458516
5.652	0.037820086	0.058700873
5.658	0.03816202	0.058935704
5.664	0.03849263	0.059163241
5.67	0.038812245	0.059383711
5.676	0.039121183	0.059597334
5.682	0.039419752	0.059804323
5.688	0.03970825	0.060004883
5.694	0.039986964	0.060199215
5.7	0.040256171	0.060387512
5.706	0.04051614	0.060569961
5.712	0.040767131	0.060746744
5.718	0.041009394	0.060918038
5.724	0.04124317	0.061084012
5.73	0.041468694	0.061244833
5.736	0.041686191	0.06140066
5.742	0.041895877	0.061551648
5.748	0.042097964	0.061697948
5.754	0.042292652	0.061839705
5.76	0.042480138	0.061977061
5.766	0.042660608	0.062110153
5.772	0.042834244	0.062239112
5.778	0.043001221	0.062364067
5.784	0.043161705	0.062485143
5.79	0.043315859	0.06260246
5.796	0.043463838	0.062716135
5.802	0.04360579	0.062826281
5.808	0.043741859	0.062933008
5.814	0.043872182	0.063036421
5.82	0.043996891	0.063136625
5.826	0.044116113	0.063233717
5.832	0.044229968	0.063327796
5.838	0.044338573	0.063418955
5.844	0.044442037	0.063507284
5.85	0.044540468	0.063592872
5.856	0.044633964	0.063675802
5.862	0.044722623	0.063756159
5.868	0.044806535	0.063834022
5.874	0.044885788	0.063909468
5.88	0.044960463	0.063982573
5.886	0.045030639	0.064053409
5.892	0.045096388	0.064122047
5.898	0.045157779	0.064188554
5.904	0.045214879	0.064252998
5.91	0.045267747	0.064315441
5.916	0.04531644	0.064375947
5.922	0.045361011	0.064434576
5.928	0.045401508	0.064491385
5.934	0.045437978	0.064546431
5.94	0.04547046	0.064599769
5.946	0.045498992	0.064651452
5.952	0.045523608	0.064701532
5.958	0.045544336	0.064750058
5.964	0.045561205	0.064797078
5.97	0.045574235	0.06484264
5.976	0.045583445	0.064886787
5.982	0.045588852	0.064929566
5.988	0.045590466	0.064971017
5.994	0.045588295	0.065011182
6	0.045582345	0.065050101
6.006	0.045572616	0.065087812
6.012	0.045559105	0.065124354
6.018	0.045541807	0.065159763
6.024	0.045520711	0.065194073
6.03	0.045495805	0.065227318
6.036	0.045467073	0.065259533
6.042	0.045434493	0.065290748
6.048	0.045398041	0.065320995
6.054	0.045357692	0.065350304
6.06	0.045313414	0.065378704
6.066	0.045265174	0.065406223
6.072	0.045212937	0.065432889
6.078	0.045156665	0.065458728
6.084	0.045096318	0.065483765
6.09	0.045031852	0.065508026
6.096	0.044963221	0.065531534
6.102	0.044890373	0.065554314
6.108	0.044813254	0.065576387
6.114	0.044731807	0.065597775
6.12	0.04464597	0.065618501
6.126	0.044555675	0.065638584
6.132	0.044460854	0.065658044
6.138	0.04436143	0.0656769
6.144	0.044257326	0.065695172
6.15	0.044148459	0.065712878
6.156	0.04403474	0.065730034
6.162	0.043916077	0.065746659
6.168	0.043792373	0.065762768
6.174	0.043663527	0.065778378
6.18	0.043529433	0.065793504
6.186	0.043389979	0.065808161
6.192	0.04324505	0.065822363
6.198	0.043094523	0.065836126
6.204	0.042938273	0.065849461
6.21	0.042776168	0.065862384
6.216	0.042608072	0.065874905
6.222	0.04243384	0.065887039
6.228	0.042253327	0.065898797
6.234	0.042066377	0.06591019
6.24	0.041872831	0.06592123
6.246	0.041672524	0.065931928
6.252	0.041465283	0.065942294
6.258	0.041250931	0.065952339
6.264	0.041029283	0.065962073
6.27	0.040800148	0.065971505
6.276	0.040563329	0.065980644
6.282	0.040318619	0.065989501
6.288	0.040065809	0.065998083
6.294	0.039804677	0.066006399
6.3	0.039534999	0.066014458
6.306	0.039256538	0.066022266
6.312	0.038969054	0.066029833
6.318	0.038672296	0.066037165
6.324	0.038366006	0.066044271
6.33	0.038049916	0.066051156
6.336	0.03772375	0.066057827
6.342	0.037387224	0.066064292
6.348	0.037040043	0.066070557
6.354	0.036681904	0.066076628
6.36	0.036312494	0.06608251
6.366	0.035931488	0.06608821
6.372	0.035538554	0.066093734
6.378	0.035133346	0.066099087
6.384	0.03471551	0.066104274
6.39	0.034284679	0.0661093
6.396	0.033840477	0.06611417
6.402	0.033382513	0.06611889
6.408	0.032910388	0.066123463
6.414	0.032423688	0.066127895
6.42	0.031921987	0.06613219
6.426	0.031404845	0.066136351
6.432	0.030871806	0.066140384
6.438	0.030322398	0.066144291
6.444	0.02975613	0.066148078
6.45	0.029172487	0.066151748
6.456	0.028570934	0.066155303
6.462	0.027950909	0.066158749
6.468	0.02731183	0.066162088
6.474	0.026653095	0.066165324
6.48	0.025974104	0.066168459
6.486	0.025274272	0.066171497
6.492	0.024553066	0.066174442
6.498	0.023810049	0.066177295
6.504	0.023044929	0.06618006
6.51	0.022257618	0.066182739
6.516	0.021448219	0.066185335
6.522	0.020616995	0.066187851
6.528	0.019764327	0.066190289
6.534	0.018890678	0.066192651
6.54	0.017996567	0.066194941
6.546	0.017082546	0.066197159
6.552	0.016149188	0.066199309
6.558	0.015197076	0.066201392
6.564	0.014226792	0.066203411
6.57	0.013238917	0.066205367
6.576	0.012234023	0.066207263
6.582	0.011212672	0.0662091
6.588	0.010175416	0.06621088
6.594	0.009122792	0.066212605
6.6	0.008055327	0.066214277
6.606	0.006973534	0.066215897
6.612	0.005877913	0.066217467
6.618	0.00476895	0.066218988
6.624	0.003647119	0.066220462
6.63	0.002512881	0.066221891
6.636	0.001366687	0.066223275
6.642	0.000208973	0.066224617
6.648	-0.000959834	0.066225917
6.654	-0.00213932	0.066227177
6.66	-0.00332908	0.066228397
6.666	-0.004528721	0.06622958
6.672	-0.005737858	0.066230727
6.678	-0.006956118	0.066231838
6.684	-0.008183135	0.066232914
6.69	-0.009418554	0.066233958
6.696	-0.010662026	0.066234969
6.702	-0.011913212	0.066235949
6.708	-0.013171781	0.066236898
6.714	-0.014437408	0.066237818
6.72	-0.015709777	0.06623871
6.726	-0.016988578	0.066239574
6.732	-0.018273508	0.066240411
6.738	-0.01956427	0.066241222
6.744	-0.020860572	0.066242009
6.75	-0.022162131	0.066242771
6.756	-0.023468665	0.066243509
6.762	-0.024779901	0.066244225
6.768	-0.026095569	0.066244918
6.774	-0.027415404	0.06624559
6.78	-0.028739146	0.066246241
6.786	-0.030066537	0.066246872
6.792	-0.031397327	0.066247484
6.798	-0.032731265	0.066248077
6.804	-0.034068107	0.066248651
6.81	-0.03540761	0.066249207
6.816	-0.036749536	0.066249747
6.822	-0.038093647	0.066250269
6.828	-0.039439709	0.066250776
6.834	-0.040787492	0.066251267
6.84	-0.042136764	0.066251743
6.846	-0.043487298	0.066252204
6.852	-0.044838869	0.06625265
6.858	-0.04619125	0.066253083
6.864	-0.047544218	0.066253503
6.87	-0.048897551	0.066253909
6.876	-0.050251026	0.066254303
6.882	-0.051604423	0.066254685
6.888	-0.052957519	0.066255055
6.894	-0.054310094	0.066255414
6.9	-0.055661927	0.066255761
6.906	-0.057012797	0.066256098
6.912	-0.058362481	0.066256424
6.918	-0.059710757	0.066256741
6.924	-0.061057402	0.066257047
6.93	-0.062402192	0.066257344
6.936	-0.063744899	0.066257632
6.942	-0.065085298	0.066257911
6.948	-0.066423158	0.066258181
6.954	-0.067758249	0.066258443
6.96	-0.069090337	0.066258697
6.966	-0.070419187	0.066258943
6.972	-0.071744561	0.066259182
6.978	-0.073066217	0.066259413
6.984	-0.074383911	0.066259636
6.99	-0.075697396	0.066259853
6.996	-0.077006421	0.066260064
7.002	-0.078310732	0.066260268
7.008	-0.07961007	0.066260465
7.014	-0.080904172	0.066260657
7.02	-0.082192771	0.066260842
7.026	-0.083475596	0.066261022
7.032	-0.084752369	0.066261196
7.038	-0.086022809	0.066261365
7.044	-0.087286629	0.066261528
7.05	-0.088543536	0.066261687
7.056	-0.08979323	0.066261841
7.062	-0.091035406	0.066261989
7.068	-0.092269751	0.066262131
7.074	-0.093495943	0.066262265
7.08	-0.094713653	0.066262388
7.086	-0.095922542	0.066262497
7.092	-0.097122264	0.066262587
7.098	-0.098312466	0.066262655
7.104	-0.099492783	0.066262697
7.11	-0.100662843	0.066262709
7.116	-0.101822268	0.066262685
7.122	-0.102970665	0.066262623
7.128	-0.104107637	0.066262516
7.134	-0.105232774	0.066262363
7.14	-0.106345656	0.066262157
7.146	-0.107445855	0.066261896
7.152	-0.108532931	0.066261574
7.158	-0.109606432	0.066261189
7.164	-0.110665897	0.066260736
7.17	-0.11171085	0.06626021
7.176	-0.112740804	0.06625961
7.182	-0.113755256	0.066258929
7.188	-0.114753688	0.066258165
7.194	-0.115735561	0.066257314
7.2	-0.116700318	0.066256373
7.206	-0.117647377	0.066255336
7.212	-0.118576133	0.066254202
7.218	-0.119485959	0.066252965
7.224	-0.120376211	0.066251623
7.23	-0.121246244	0.066250171
7.236	-0.122095431	0.066248605
7.242	-0.122923196	0.066246923
7.248	-0.12372906	0.06624512
7.254	-0.124512688	0.066243192
7.26	-0.125273949	0.066241135
7.266	-0.126012905	0.066238946
7.272	-0.126729777	0.06623662
7.278	-0.127424902	0.066234154
7.284	-0.128098702	0.066231543
7.29	-0.128751651	0.066228783
7.296	-0.129384262	0.066225871
7.302	-0.129997063	0.0662228
7.308	-0.130590594	0.066219568
7.314	-0.131165394	0.06621617
7.32	-0.131721999	0.066212601
7.326	-0.132260937	0.066208856
7.332	-0.132782727	0.066204931
7.338	-0.133287873	0.066200821
7.344	-0.133776869	0.066196521
7.35	-0.134250195	0.066192025
7.356	-0.134708316	0.066187328
7.362	-0.135151685	0.066182425
7.368	-0.135580741	0.066177311
7.374	-0.135995908	0.066171979
7.38	-0.136397599	0.066166423
7.386	-0.136786211	0.066160639
7.392	-0.137162131	0.066154619
7.398	-0.137525733	0.066148357
7.404	-0.137877378	0.066141847
7.41	-0.138217416	0.066135082
7.416	-0.138546185	0.066128055
7.422	-0.138864012	0.066120758
7.428	-0.139171214	0.066113186
7.434	-0.139468097	0.066105329
7.44	-0.139754957	0.06609718
7.446	-0.140032079	0.066088731
7.452	-0.14029974	0.066079975
7.458	-0.140558206	0.066070901
7.464	-0.140807736	0.066061503
7.47	-0.141048578	0.06605177
7.476	-0.141280973	0.066041694
7.482	-0.141505154	0.066031264
7.488	-0.141721343	0.066020471
7.494	-0.141929757	0.066009305
7.5	-0.142130606	0.065997756
7.506	-0.142324089	0.065985812
7.512	-0.1425104	0.065973462
7.518	-0.142689727	0.065960695
7.524	-0.142862249	0.0659475
7.53	-0.143028139	0.065933863
7.536	-0.143187564	0.065919773
7.542	-0.143340685	0.065905217
7.548	-0.143487655	0.06589018
7.554	-0.143628623	0.06587465
7.56	-0.143763731	0.065858612
7.566	-0.143893115	0.065842053
7.572	-0.144016906	0.065824955
7.578	-0.144135231	0.065807305
7.584	-0.144248208	0.065789086
7.59	-0.144355953	0.065770282
7.596	-0.144458576	0.065750876
7.602	-0.144556181	0.065730849
7.608	-0.144648869	0.065710185
7.614	-0.144736735	0.065688865
7.62	-0.144819868	0.065666869
7.626	-0.144898356	0.065644178
7.632	-0.14497228	0.065620772
7.638	-0.145041715	0.065596629
7.644	-0.145106736	0.065571728
7.65	-0.145167411	0.065546046
7.656	-0.145223804	0.065519561
7.662	-0.145275974	0.065492249
7.668	-0.145323979	0.065464086
7.674	-0.14536787	0.065435046
7.68	-0.145407695	0.065405104
7.686	-0.145443499	0.065374233
7.692	-0.145475322	0.065342406
7.698	-0.145503201	0.065309594
7.704	-0.145527168	0.065275768
7.71	-0.145547253	0.065240897
7.716	-0.145563481	0.065204952
7.722	-0.145575874	0.0651679
7.728	-0.14558445	0.065129708
7.734	-0.145589225	0.065090342
7.74	-0.145590208	0.065049768
7.746	-0.145587407	0.065007949
7.752	-0.145580827	0.064964848
7.758	-0.145570468	0.064920427
7.764	-0.145556326	0.064874647
7.77	-0.145538395	0.064827467
7.776	-0.145516665	0.064778845
7.782	-0.145491122	0.064728739
7.788	-0.145461749	0.064677103
7.794	-0.145428525	0.064623892
7.8	-0.145391425	0.06456906
7.806	-0.145350421	0.064512557
7.812	-0.145305484	0.064454334
7.818	-0.145256579	0.06439434
7.824	-0.14520367	0.064332526
7.83	-0.145146721	0.064268838
7.836	-0.145085688	0.064203224
7.842	-0.14502053	0.06413563
7.848	-0.144951197	0.064066
7.854	-0.144877639	0.063994277
7.86	-0.144799801	0.063920401
7.866	-0.144717624	0.063844312
7.872	-0.144631045	0.063765947
7.878	-0.144539999	0.063685241
7.884	-0.144444412	0.063602126
7.89	-0.144344211	0.063516533
7.896	-0.144239316	0.063428391
7.902	-0.144129642	0.063337625
7.908	-0.144015102	0.063244158
7.914	-0.143895601	0.063147912
7.92	-0.143771044	0.063048806
7.926	-0.143641326	0.062946755
7.932	-0.143506342	0.062841672
7.938	-0.143365979	0.062733467
7.944	-0.14322012	0.062622049
7.95	-0.143068643	0.062507321
7.956	-0.142911421	0.062389185
7.962	-0.142748322	0.06226754
7.968	-0.142579207	0.062142281
7.974	-0.142403933	0.0620133
7.98	-0.142222351	0.061880485
7.986	-0.142034306	0.061743723
7.992	-0.141839638	0.061602893
7.998	-0.14163818	0.061457875
8.004	-0.141429759	0.061308542
8.01	-0.141214197	0.061154765
8.016	-0.140991306	0.06099641
8.022	-0.140760896	0.060833339
8.028	-0.140522768	0.06066541
8.034	-0.140276714	0.060492477
8.04	-0.140022523	0.060314389
8.046	-0.139759973	0.06013099
8.052	-0.139488838	0.05994212
8.058	-0.139208881	0.059747615
8.064	-0.138919858	0.059547303
8.07	-0.138621519	0.05934101
8.076	-0.138313603	0.059128555
8.082	-0.137995841	0.058909752
8.088	-0.137667957	0.058684409
8.094	-0.137329663	0.058452328
8.1	-0.136980665	0.058213306
8.106	-0.136620656	0.057967133
8.112	-0.136249323	0.057713593
8.118	-0.135866338	0.057452463
8.124	-0.135471368	0.057183514
8.13	-0.135064066	0.056906509
8.136	-0.134644074	0.056621206
8.142	-0.134211026	0.056327352
8.148	-0.133764541	0.056024691
8.154	-0.133304229	0.055712957
8.16	-0.132829686	0.055391877
8.166	-0.132340498	0.055061168
8.172	-0.131836236	0.054720541
8.178	-0.131316458	0.054369697
8.184	-0.130780704	0.054008325
8.19	-0.1302285	0.053636105
8.196	-0.129659351	0.053252701
8.202	-0.129072739	0.052857767
8.208	-0.128468123	0.052450936
8.214	-0.127844939	0.05203183
8.22	-0.127202601	0.051600053
8.226	-0.126540507	0.051155202
8.232	-0.125858057	0.050696872
8.238	-0.125154675	0.050224677
8.244	-0.124429844	0.049738268
8.25	-0.123683146	0.049237365
8.256	-0.122914325	0.048721792
8.262	-0.122123326	0.048191511
8.268	-0.121310279	0.047646607
8.274	-0.120475469	0.047087266
8.28	-0.11961929	0.046513748
8.286	-0.118742216	0.045926368
8.292	-0.11784477	0.045325472
8.298	-0.11692751	0.044711431
8.304	-0.11599101	0.044084624
8.31	-0.115035853	0.043445439
8.316	-0.114062622	0.042794262
8.322	-0.113071895	0.042131476
8.328	-0.112064242	0.041457462
8.334	-0.111040226	0.04077259
8.34	-0.110000393	0.040077226
8.346	-0.108945282	0.039371724
8.352	-0.107875415	0.038656434
8.358	-0.106791304	0.037931694
8.364	-0.105693445	0.037197834
8.37	-0.104582325	0.036455176
8.376	-0.103458413	0.035704033
8.382	-0.102322171	0.034944711
8.388	-0.101174045	0.034177506
8.394	-0.100014471	0.033402707
8.4	-0.098843872	0.032620596
8.406	-0.097662663	0.031831447
8.412	-0.096471245	0.031035528
8.418	-0.095270011	0.030233099
8.424	-0.094059343	0.029424413
8.43	-0.092839614	0.028609718
8.436	-0.091611187	0.027789256
8.442	-0.090374417	0.026963263
8.448	-0.08912965	0.026131967
8.454	-0.087877224	0.025295594
8.46	-0.08661747	0.024454363
8.466	-0.085350711	0.023608488
8.472	-0.084077261	0.022758179
8.478	-0.08279743	0.021903641
8.484	-0.08151152	0.021045074
8.49	-0.080219827	0.020182676
8.496	-0.078922641	0.019316639
8.502	-0.077620245	0.018447151
8.508	-0.07631292	0.017574398
8.514	-0.075000938	0.016698562
8.52	-0.073684568	0.015819822
8.526	-0.072364075	0.014938352
8.532	-0.071039718	0.014054326
8.538	-0.069711753	0.013167913
8.544	-0.068380432	0.01227928
8.55	-0.067046003	0.011388594
8.556	-0.065708711	0.010496016
8.562	-0.064368797	0.009601707
8.568	-0.063026501	0.008705826
8.574	-0.061682058	0.00780853
8.58	-0.060335703	0.006909974
8.586	-0.058987666	0.006010312
8.592	-0.057638177	0.005109696
8.598	-0.056287464	0.004208279
8.604	-0.054935752	0.00330621
8.61	-0.053583267	0.002403638
8.616	-0.052230231	0.001500713
8.622	-0.050876869	0.000597583
8.628	-0.0495234	-0.000305606
8.634	-0.048170048	-0.001208705
8.64	-0.046817032	-0.002111568
8.646	-0.045464575	-0.003014047
8.652	-0.044112896	-0.003915995
8.658	-0.042762218	-0.004817266
8.664	-0.041412762	-0.005717711
8.67	-0.040064751	-0.006617181
8.676	-0.038718409	-0.00751553
8.682	-0.037373961	-0.008412605
8.688	-0.036031631	-0.009308258
8.694	-0.03469165	-0.010202336
8.7	-0.033354244	-0.011094687
8.706	-0.032019647	-0.011985157
8.712	-0.030688092	-0.012873589
8.718	-0.029359815	-0.013759828
8.724	-0.028035054	-0.014643713
8.73	-0.026714052	-0.015525084
8.736	-0.025397052	-0.016403778
8.742	-0.024084303	-0.017279629
8.748	-0.022776057	-0.018152471
8.754	-0.021472568	-0.019022133
8.76	-0.020174095	-0.019888442
8.766	-0.018880903	-0.020751224
8.772	-0.017593258	-0.021610299
8.778	-0.016311434	-0.022465486
8.784	-0.015035709	-0.023316599
8.79	-0.013766364	-0.024163452
8.796	-0.012503688	-0.02500585
8.802	-0.011247975	-0.025843599
8.808	-0.009999525	-0.026676499
8.814	-0.008758645	-0.027504345
8.82	-0.007525649	-0.02832693
8.826	-0.006300861	-0.029144039
8.832	-0.005084612	-0.029955457
8.838	-0.003877241	-0.030760958
8.844	-0.002679095	-0.031560317
8.85	-0.001490531	-0.0323533
8.856	-0.000311912	-0.033139668
8.862	0.000856387	-0.033919177
8.868	0.002013984	-0.034691576
8.874	0.003160489	-0.035456609
8.88	0.0042955	-0.036214013
8.886	0.005418606	-0.036963518
8.892	0.006529387	-0.037704848
8.898	0.007627412	-0.038437719
8.904	0.008712238	-0.039161842
8.91	0.009783413	-0.039876918
8.916	0.010840473	-0.040582642
8.922	0.01188294	-0.041278699
8.928	0.012910325	-0.041964767
8.934	0.013922122	-0.042640513
8.94	0.01491781	-0.043305593
8.946	0.015896846	-0.043959649
8.952	0.016858671	-0.04460231
8.958	0.017802697	-0.045233191
8.964	0.018728316	-0.045851888
8.97	0.019634898	-0.046457986
8.976	0.020521798	-0.047051057
8.982	0.021388373	-0.047630678
8.988	0.022234003	-0.048196438
8.994	0.023058129	-0.048747968
9	0.023860291	-0.049284966
9.006	0.02464019	-0.049807236
9.012	0.025397728	-0.050314716
9.018	0.026132995	-0.050807471
9.024	0.026846231	-0.051285665
9.03	0.027537789	-0.051749537
9.036	0.0282081	-0.052199379
9.042	0.028857646	-0.052635517
9.048	0.02948694	-0.053058297
9.054	0.030096514	-0.05346808
9.06	0.030686908	-0.053865229
9.066	0.031258661	-0.054250108
9.072	0.031812308	-0.054623079
9.078	0.032348374	-0.054984497
9.084	0.032867376	-0.055334712
9.09	0.033369818	-0.055674065
9.096	0.033856189	-0.056002887
9.102	0.034326969	-0.056321503
9.108	0.034782619	-0.056630228
9.114	0.035223591	-0.056929367
9.12	0.035650321	-0.057219216
9.126	0.036063231	-0.057500064
9.132	0.036462731	-0.05777219
9.138	0.036849218	-0.058035864
9.144	0.037223076	-0.058291349
9.15	0.037584675	-0.058538899
9.156	0.037934376	-0.05877876
9.162	0.038272527	-0.059011171
9.168	0.038599464	-0.059236365
9.174	0.038915512	-0.059454564
9.18	0.039220987	-0.059665986
9.186	0.039516191	-0.059870843
9.192	0.039801421	-0.060069337
9.198	0.040076959	-0.060261667
9.204	0.04034308	-0.060448024
9.21	0.040600051	-0.060628594
9.216	0.040848126	-0.060803556
9.222	0.041087554	-0.060973086
9.228	0.041318575	-0.061137351
9.234	0.041541417	-0.061296515
9.24	0.041756305	-0.061450737
9.246	0.041963454	-0.06160017
9.252	0.042163069	-0.061744964
9.258	0.042355352	-0.061885261
9.264	0.042540495	-0.062021203
9.27	0.042718684	-0.062152924
9.276	0.042890096	-0.062280555
9.282	0.043054905	-0.062404224
9.288	0.043213276	-0.062524053
9.294	0.043365368	-0.062640162
9.3	0.043511334	-0.062752666
9.306	0.043651322	-0.062861678
9.312	0.043785473	-0.062967306
9.318	0.043913922	-0.063069655
9.324	0.0440368	-0.063168826
9.33	0.04415423	-0.063264919
9.336	0.044266333	-0.06335803
9.342	0.044373222	-0.06344825
9.348	0.044475007	-0.06353567
9.354	0.044571791	-0.063620376
9.36	0.044663673	-0.063702453
9.366	0.044750748	-0.063781983
9.372	0.044833106	-0.063859044
9.378	0.044910832	-0.063933714
9.384	0.044984006	-0.064006066
9.39	0.045052705	-0.064076173
9.396	0.045117001	-0.064144104
9.402	0.045176961	-0.064209927
9.408	0.04523265	-0.064273707
9.414	0.045284126	-0.064335508
9.42	0.045331444	-0.064395391
9.426	0.045374658	-0.064453416
9.432	0.045413813	-0.064509641
9.438	0.045448953	-0.064564121
9.444	0.045480119	-0.06461691
9.45	0.045507346	-0.064668061
9.456	0.045530667	-0.064717626
9.462	0.045550109	-0.064765652
9.468	0.045565699	-0.064812188
9.474	0.045577457	-0.064857281
9.48	0.045585401	-0.064900975
9.486	0.045589545	-0.064943313
9.492	0.045589899	-0.064984337
9.498	0.04558647	-0.065024089
9.504	0.045579261	-0.065062608
9.51	0.045568274	-0.065099931
9.516	0.045553502	-0.065136097
9.522	0.04553494	-0.065171141
9.528	0.045512577	-0.065205098
9.534	0.045486398	-0.065238002
9.54	0.045456386	-0.065269885
9.546	0.045422518	-0.065300779
9.552	0.04538477	-0.065330715
9.558	0.045343115	-0.065359723
9.564	0.045297519	-0.065387831
9.57	0.04524795	-0.065415067
9.576	0.045194371	-0.065441458
9.582	0.045136744	-0.065467031
9.588	0.045075028	-0.065491811
9.594	0.045009177	-0.065515822
9.6	0.044939144	-0.065539089
9.606	0.044864877	-0.065561634
9.612	0.04478632	-0.06558348
9.618	0.044703414	-0.065604649
9.624	0.044616096	-0.065625161
9.63	0.044524297	-0.065645037
9.636	0.044427947	-0.065664297
9.642	0.044326969	-0.06568296
9.648	0.044221282	-0.065701044
9.654	0.044110803	-0.065718567
9.66	0.043995442	-0.065735548
9.666	0.043875105	-0.065752001
9.672	0.043749694	-0.065767945
9.678	0.043619106	-0.065783394
9.684	0.043483232	-0.065798364
9.69	0.04334196	-0.065812871
9.696	0.043195173	-0.065826927
9.702	0.043042746	-0.065840548
9.708	0.042884553	-0.065853747
9.714	0.042720459	-0.065866536
9.72	0.042550326	-0.065878929
9.726	0.04237401	-0.065890938
9.732	0.04219136	-0.065902575
9.738	0.042002221	-0.065913851
9.744	0.041806431	-0.065924777
9.75	0.041603823	-0.065935365
9.756	0.041394223	-0.065945625
9.762	0.04117745	-0.065955567
9.768	0.040953317	-0.0659652
9.774	0.040721633	-0.065974536
9.78	0.040482195	-0.065983581
9.786	0.040234798	-0.065992347
9.792	0.039979226	-0.066000841
9.798	0.039715259	-0.066009071
9.804	0.039442667	-0.066017047
9.81	0.039161213	-0.066024776
9.816	0.038870653	-0.066032265
9.822	0.038570732	-0.066039522
9.828	0.038261191	-0.066046554
9.834	0.037941758	-0.066053368
9.84	0.037612155	-0.066059971
9.846	0.037272095	-0.06606637
9.852	0.036921279	-0.06607257
9.858	0.036559401	-0.066078578
9.864	0.036186144	-0.0660844
9.87	0.035801181	-0.066090042
9.876	0.035404175	-0.066095509
9.882	0.034994779	-0.066100807
9.888	0.034572632	-0.06610594
9.894	0.034137366	-0.066110915
9.9	0.033688599	-0.066115735
9.906	0.033225938	-0.066120406
9.912	0.032748979	-0.066124933
9.918	0.032257303	-0.066129319
9.924	0.03175048	-0.06613357
9.93	0.031228065	-0.066137688
9.936	0.030689597	-0.06614168
9.942	0.030134597	-0.066145547
9.948	0.029562567	-0.066149295
9.954	0.028972986	-0.066152927
9.96	0.028365308	-0.066156446
9.966	0.027738965	-0.066159856
9.972	0.027093367	-0.066163161
9.978	0.026427914	-0.066166363
9.984	0.025742006	-0.066169467
9.99	0.025035075	-0.066172474
9.996	0.024306617	-0.066175388
10.002	0.023556239	-0.066178212
