10.002	0.023556239	-0.066178212
10.008	0.022783718	-0.066180948
10.014	0.02198903	-0.0661836
10.02	0.021172336	-0.066186169
10.026	0.02033394	-0.066188659
10.032	0.01947425	-0.066191072
10.038	0.01859375	-0.06619341
10.044	0.01769297	-0.066195676
10.05	0.016772471	-0.066197872
10.056	0.015832829	-0.0662
10.062	0.014874628	-0.066202062
10.068	0.013898449	-0.06620406
10.074	0.01290487	-0.066205996
10.08	0.011894459	-0.066207872
10.086	0.010867776	-0.06620969
10.092	0.009825368	-0.066211452
10.098	0.008767769	-0.06621316
10.104	0.0076955	-0.066214814
10.11	0.006609071	-0.066216418
10.116	0.005508976	-0.066217971
10.122	0.004395698	-0.066219477
10.128	0.003269706	-0.066220936
10.134	0.002131459	-0.06622235
10.14	0.000981401	-0.06622372
10.146	-0.000180034	-0.066225048
10.152	-0.001352423	-0.066226335
10.158	-0.002535356	-0.066227581
10.164	-0.003728431	-0.06622879
10.17	-0.004931258	-0.066229961
10.176	-0.006143456	-0.066231095
10.182	-0.007364655	-0.066232195
10.188	-0.008594492	-0.06623326
10.194	-0.009832614	-0.066234293
10.2	-0.011078676	-0.066235294
10.206	-0.012332341	-0.066236263
10.212	-0.01359328	-0.066237203
10.218	-0.014861172	-0.066238114
10.224	-0.016135702	-0.066238996
10.23	-0.017416563	-0.066239851
10.236	-0.018703453	-0.06624068
10.242	-0.019996077	-0.066241483
10.248	-0.021294147	-0.066242261
10.254	-0.022597379	-0.066243015
10.26	-0.023905496	-0.066243746
10.266	-0.025218224	-0.066244455
10.272	-0.026535295	-0.066245141
10.278	-0.027856447	-0.066245806
10.284	-0.029181419	-0.066246451
10.29	-0.030509957	-0.066247075
10.296	-0.03184181	-0.06624768
10.302	-0.03317673	-0.066248267
10.308	-0.034514472	-0.066248835
10.314	-0.035854796	-0.066249386
10.32	-0.037197463	-0.06624992
10.326	-0.038542237	-0.066250437
10.332	-0.039888886	-0.066250939
10.338	-0.041237177	-0.066251425
10.344	-0.042586883	-0.066251895
10.35	-0.043937775	-0.066252352
10.356	-0.045289628	-0.066252794
10.362	-0.046642217	-0.066253222
10.368	-0.04799532	-0.066253638
10.374	-0.049348712	-0.06625404
10.38	-0.050702173	-0.06625443
10.386	-0.052055482	-0.066254808
10.392	-0.053408417	-0.066255174
10.398	-0.054760757	-0.066255529
10.404	-0.056112281	-0.066255873
10.41	-0.057462768	-0.066256206
10.416	-0.058811995	-0.066256529
10.422	-0.06015974	-0.066256842
10.428	-0.061505779	-0.066257146
10.434	-0.062849887	-0.06625744
10.44	-0.064191838	-0.066257724
10.446	-0.065531403	-0.066258001
10.452	-0.066868353	-0.066258268
10.458	-0.068202456	-0.066258527
10.464	-0.069533478	-0.066258779
10.47	-0.070861183	-0.066259022
10.476	-0.072185331	-0.066259258
10.482	-0.07350568	-0.066259487
10.488	-0.074821985	-0.066259708
10.494	-0.076133997	-0.066259923
10.5	-0.077441465	-0.066260131
10.506	-0.078744133	-0.066260333
10.512	-0.08004174	-0.066260529
10.518	-0.081334023	-0.066260718
10.524	-0.082620713	-0.066260902
10.53	-0.083901536	-0.06626108
10.536	-0.085176214	-0.066261252
10.542	-0.086444464	-0.066261419
10.548	-0.087705996	-0.066261581
10.554	-0.088960515	-0.066261738
10.56	-0.090207721	-0.06626189
10.566	-0.091447305	-0.066262036
10.572	-0.092678951	-0.066262176
10.578	-0.093902334	-0.066262307
10.584	-0.095117123	-0.066262425
10.59	-0.096322977	-0.066262528
10.596	-0.097519546	-0.066262612
10.602	-0.098706473	-0.066262672
10.608	-0.099883393	-0.066262704
10.614	-0.10104993	-0.066262704
10.62	-0.102205701	-0.066262668
10.626	-0.103350313	-0.066262592
10.632	-0.104483363	-0.06626247
10.638	-0.105604439	-0.0662623
10.644	-0.106713119	-0.066262076
10.65	-0.107808969	-0.066261795
10.656	-0.108891546	-0.066261453
10.662	-0.109960395	-0.066261045
10.668	-0.111015049	-0.066260568
10.674	-0.112055031	-0.066260018
10.68	-0.113079846	-0.066259391
10.686	-0.114088988	-0.066258684
10.692	-0.115081932	-0.066257891
10.698	-0.116058132	-0.06625701
10.704	-0.117017024	-0.066256038
10.71	-0.117958017	-0.066254969
10.716	-0.118880499	-0.066253801
10.722	-0.119783836	-0.066252529
10.728	-0.120667384	-0.066251151
10.734	-0.121530501	-0.066249661
10.74	-0.122372576	-0.066248057
10.746	-0.123193061	-0.066246335
10.752	-0.123991522	-0.066244491
10.758	-0.124767693	-0.06624252
10.764	-0.125521508	-0.06624042
10.77	-0.126253085	-0.066238186
10.776	-0.126962686	-0.066235814
10.782	-0.127650677	-0.0662333
10.788	-0.128317499	-0.06623064
10.794	-0.12896364	-0.06622783
10.8	-0.129589618	-0.066224865
10.806	-0.130195966	-0.066221741
10.812	-0.130783223	-0.066218454
10.818	-0.131351929	-0.066215
10.824	-0.131902617	-0.066211373
10.83	-0.132435811	-0.066207568
10.836	-0.132952026	-0.066203582
10.842	-0.133451762	-0.066199409
10.848	-0.13393551	-0.066195044
10.854	-0.134403742	-0.066190482
10.86	-0.134856922	-0.066185717
10.866	-0.135295497	-0.066180744
10.872	-0.135719901	-0.066175558
10.878	-0.136130554	-0.066170152
10.884	-0.136527864	-0.066164521
10.89	-0.136912225	-0.066158659
10.896	-0.13728402	-0.066152559
10.902	-0.137643617	-0.066146215
10.908	-0.137991375	-0.066139621
10.914	-0.138327638	-0.066132769
10.92	-0.138652743	-0.066125653
10.926	-0.138967012	-0.066118265
10.932	-0.139270759	-0.066110599
10.938	-0.139564285	-0.066102645
10.944	-0.139847884	-0.066094398
10.95	-0.140121838	-0.066085847
10.956	-0.140386421	-0.066076986
10.962	-0.140641895	-0.066067805
10.968	-0.140888516	-0.066058296
10.974	-0.141126531	-0.06604845
10.98	-0.141356176	-0.066038257
10.986	-0.141577681	-0.066027707
10.992	-0.141791268	-0.066016791
10.998	-0.14199715	-0.066005499
11.004	-0.142195533	-0.065993819
11.01	-0.142386616	-0.065981741
11.016	-0.14257059	-0.065969253
11.022	-0.14274764	-0.065956345
11.028	-0.142917943	-0.065943004
11.034	-0.143081671	-0.065929218
11.04	-0.143238987	-0.065914974
11.046	-0.14339005	-0.065900259
11.052	-0.143535013	-0.065885059
11.058	-0.143674021	-0.065869362
11.064	-0.143807215	-0.065853152
11.07	-0.143934729	-0.065836414
11.076	-0.144056693	-0.065819134
11.082	-0.14417323	-0.065801296
11.088	-0.144284458	-0.065782884
11.094	-0.144390491	-0.065763881
11.1	-0.144491438	-0.06574427
11.106	-0.1445874	-0.065724034
11.112	-0.144678477	-0.065703153
11.118	-0.144764762	-0.06568161
11.124	-0.144846344	-0.065659384
11.13	-0.144923308	-0.065636457
11.136	-0.144995733	-0.065612807
11.142	-0.145063695	-0.065588414
11.148	-0.145127266	-0.065563255
11.154	-0.145186512	-0.065537309
11.16	-0.145241496	-0.065510551
11.166	-0.145292277	-0.065482958
11.172	-0.14533891	-0.065454505
11.178	-0.145381445	-0.065425168
11.184	-0.14541993	-0.065394919
11.19	-0.145454407	-0.065363733
11.196	-0.145484916	-0.06533158
11.202	-0.145511491	-0.065298433
11.208	-0.145534166	-0.065264262
11.214	-0.145552966	-0.065229037
11.22	-0.145567918	-0.065192727
11.226	-0.14557904	-0.065155298
11.232	-0.145586352	-0.065116719
11.238	-0.145589865	-0.065076954
11.244	-0.145589589	-0.065035969
11.25	-0.145585532	-0.064993727
11.256	-0.145577696	-0.06495019
11.262	-0.145566079	-0.064905321
11.268	-0.145550678	-0.064859079
11.274	-0.145531486	-0.064811423
11.28	-0.145508489	-0.064762311
11.286	-0.145481674	-0.0647117
11.292	-0.145451022	-0.064659545
11.298	-0.145416512	-0.064605799
11.304	-0.145378116	-0.064550415
11.31	-0.145335808	-0.064493344
11.316	-0.145289554	-0.064434537
11.322	-0.145239321	-0.064373942
11.328	-0.145185072	-0.064311508
11.334	-0.145126768	-0.064247184
11.34	-0.145064368	-0.064180916
11.346	-0.144997825	-0.06411265
11.352	-0.144927092	-0.064042329
11.358	-0.144852115	-0.063969895
11.364	-0.144772839	-0.063895289
11.37	-0.144689204	-0.063818448
11.376	-0.144601146	-0.06373931
11.382	-0.144508596	-0.063657809
11.388	-0.144411481	-0.063573876
11.394	-0.144309726	-0.063487441
11.4	-0.144203249	-0.063398433
11.406	-0.144091965	-0.063306775
11.412	-0.143975783	-0.063212391
11.418	-0.143854609	-0.063115201
11.424	-0.143728345	-0.063015122
11.43	-0.143596886	-0.06291207
11.436	-0.143460122	-0.062805957
11.442	-0.143317942	-0.062696692
11.448	-0.143170225	-0.062584181
11.454	-0.143016849	-0.062468328
11.46	-0.142857684	-0.062349034
11.466	-0.142692596	-0.062226197
11.472	-0.142521445	-0.062099709
11.478	-0.142344087	-0.061969463
11.484	-0.142160369	-0.061835345
11.49	-0.141970136	-0.06169724
11.496	-0.141773225	-0.061555028
11.502	-0.141569466	-0.061408586
11.508	-0.141358686	-0.061257786
11.514	-0.141140703	-0.061102498
11.52	-0.140915329	-0.060942587
11.526	-0.140682369	-0.060777913
11.532	-0.140441623	-0.060608333
11.538	-0.140192882	-0.060433698
11.544	-0.13993593	-0.060253857
11.55	-0.139670545	-0.060068653
11.556	-0.139396497	-0.059877924
11.562	-0.139113546	-0.059681502
11.568	-0.138821447	-0.059479216
11.574	-0.138519945	-0.05927089
11.58	-0.138208779	-0.05905634
11.586	-0.137887675	-0.058835379
11.592	-0.137556354	-0.058607812
11.598	-0.137214526	-0.058373441
11.604	-0.136861893	-0.058132059
11.61	-0.136498145	-0.057883455
11.616	-0.136122965	-0.05762741
11.622	-0.135736024	-0.0573637
11.628	-0.135336983	-0.057092092
11.634	-0.134925492	-0.056812349
11.64	-0.13450119	-0.056524223
11.646	-0.134063706	-0.056227463
11.652	-0.133612657	-0.055921808
11.658	-0.133147648	-0.05560699
11.664	-0.132668271	-0.055282732
11.67	-0.132174107	-0.05494875
11.676	-0.131664724	-0.054604751
11.682	-0.131139672	-0.054250433
11.688	-0.13059849	-0.053885481
11.694	-0.130040695	-0.053509571
11.7	-0.129465784	-0.053122364
11.706	-0.128873233	-0.052723506
11.712	-0.128262492	-0.052312627
11.718	-0.12763299	-0.051889342
11.724	-0.126984134	-0.051453252
11.73	-0.126315321	-0.051003952
11.736	-0.125625955	-0.050541042
11.742	-0.124915475	-0.050064143
11.748	-0.12418339	-0.049572927
11.754	-0.123429332	-0.049067143
11.76	-0.12265311	-0.048546663
11.766	-0.121854735	-0.048011489
11.772	-0.121034394	-0.047461746
11.778	-0.120192411	-0.046897646
11.784	-0.11932921	-0.04631947
11.79	-0.118445284	-0.045727544
11.796	-0.11754117	-0.045122224
11.802	-0.116617432	-0.044503885
11.808	-0.115674649	-0.043872909
11.814	-0.114713403	-0.043229684
11.82	-0.113734276	-0.042574595
11.826	-0.112737844	-0.041908025
11.832	-0.111724676	-0.041230351
11.838	-0.110695327	-0.040541941
11.844	-0.109650343	-0.039843159
11.85	-0.108590256	-0.039134357
11.856	-0.107515586	-0.03841588
11.862	-0.106426838	-0.037688063
11.868	-0.105324506	-0.036951236
11.874	-0.10420907	-0.036205715
11.88	-0.103080999	-0.035451813
11.886	-0.101940747	-0.03468983
11.892	-0.100788757	-0.033920062
11.898	-0.099625462	-0.033142795
11.904	-0.098451282	-0.032358308
11.91	-0.097266626	-0.031566874
11.916	-0.096071893	-0.030768756
11.922	-0.094867473	-0.029964213
11.928	-0.093653744	-0.029153498
11.934	-0.092431075	-0.028336854
11.94	-0.091199829	-0.027514523
11.946	-0.089960355	-0.026686736
11.952	-0.088712998	-0.025853724
11.958	-0.087458094	-0.025015707
11.964	-0.08619597	-0.024172905
11.97	-0.084926945	-0.023325529
11.976	-0.083651335	-0.022473787
11.982	-0.082369445	-0.021617885
11.988	-0.081081575	-0.02075802
11.994	-0.079788019	-0.019894387
12	-0.078489065	-0.019027179
12.006	-0.077184996	-0.018156583
12.012	-0.075876088	-0.017282782
12.018	-0.074562614	-0.016405959
12.024	-0.073244841	-0.015526289
12.03	-0.071923031	-0.014643948
12.036	-0.070597444	-0.013759107
12.042	-0.069268332	-0.012871936
12.048	-0.067935948	-0.011982601
12.054	-0.066600537	-0.011091266
12.06	-0.065262345	-0.010198093
12.066	-0.063921611	-0.009303243
12.072	-0.062578573	-0.008406873
12.078	-0.061233467	-0.00750914
12.084	-0.059886526	-0.006610198
12.09	-0.058537979	-0.005710201
12.096	-0.057188057	-0.004809302
12.102	-0.055836986	-0.003907651
12.108	-0.054484992	-0.003005397
12.114	-0.053132298	-0.002102692
12.12	-0.051779129	-0.001199681
12.126	-0.050425707	-0.000296515
12.132	-0.049072253	0.00060666
12.138	-0.047718988	0.001509696
12.144	-0.046366134	0.002412448
12.15	-0.045013911	0.003314766
12.156	-0.043662542	0.004216505
12.162	-0.042312246	0.005117517
12.168	-0.040963247	0.006017653
12.174	-0.039615768	0.006916767
12.18	-0.038270032	0.007814707
12.186	-0.036926264	0.008711326
12.192	-0.035584692	0.00960647
12.198	-0.034245544	0.01049999
12.204	-0.032909049	0.011391731
12.21	-0.03157544	0.012281539
12.216	-0.030244951	0.013169258
12.222	-0.028917819	0.014054729
12.228	-0.027594284	0.014937794
12.234	-0.026274588	0.015818291
12.24	-0.024958978	0.016696056
12.246	-0.023647702	0.017570923
12.252	-0.022341012	0.018442724
12.258	-0.021039166	0.019311288
12.264	-0.019742424	0.020176441
12.27	-0.018451051	0.021038007
12.276	-0.017165316	0.021895807
12.282	-0.015885494	0.022749657
12.288	-0.014611863	0.023599371
12.294	-0.013344709	0.02444476
12.3	-0.012084321	0.025285631
12.306	-0.010830995	0.026121786
12.312	-0.009585033	0.026953025
12.318	-0.008346746	0.027779141
12.324	-0.00711645	0.028599924
12.33	-0.00589447	0.029415161
12.336	-0.004681142	0.030224631
12.342	-0.003476806	0.031028111
12.348	-0.002281814	0.031825371
12.354	-0.001096523	0.032616176
12.36	7.87E-05	0.033400285
12.366	0.001243473	0.034177452
12.372	0.002397418	0.034947425
12.378	0.003540137	0.035709945
12.384	0.004671226	0.036464746
12.39	0.005790272	0.037211557
12.396	0.00689685	0.0379501
12.402	0.007990526	0.038680088
12.408	0.009070853	0.039401229
12.414	0.010137376	0.040113222
12.42	0.011189626	0.040815759
12.426	0.012227121	0.041508523
12.432	0.013249368	0.042191188
12.438	0.014255854	0.042863418
12.444	0.015246054	0.043524863
12.45	0.016219418	0.044175164
12.456	0.017175376	0.044813942
12.462	0.018113336	0.045440808
12.468	0.019032681	0.046055352
12.474	0.019932775	0.046657155
12.48	0.02081297	0.04724579
12.486	0.02167263	0.047820834
12.492	0.022511148	0.048381888
12.498	0.023327994	0.0489286
12.504	0.024122754	0.0494607
12.51	0.024895196	0.049978037
12.516	0.025645288	0.050480594
12.522	0.026373176	0.05096847
12.528	0.027079141	0.051441859
12.534	0.027763565	0.05190102
12.54	0.028426898	0.052346256
12.546	0.029069634	0.052777901
12.552	0.029692296	0.053196309
12.558	0.030295417	0.05360184
12.564	0.030879538	0.053994858
12.57	0.031445197	0.054375728
12.576	0.031992926	0.054744809
12.582	0.032523249	0.055102455
12.588	0.033036676	0.055449012
12.594	0.033533707	0.055784818
12.6	0.03401483	0.056110203
12.606	0.034480516	0.056425488
12.612	0.034931226	0.056730984
12.618	0.035367403	0.057026994
12.624	0.035789481	0.057313812
12.63	0.036197877	0.057591722
12.636	0.036592997	0.057861001
12.642	0.036975233	0.058121917
12.648	0.037344964	0.058374729
12.654	0.037702559	0.058619689
12.66	0.038048373	0.058857041
12.666	0.03838275	0.059087021
12.672	0.038706022	0.059309858
12.678	0.039018512	0.059525775
12.684	0.039320531	0.059734986
12.69	0.039612379	0.059937699
12.696	0.039894348	0.060134118
12.702	0.040166718	0.060324436
12.708	0.040429761	0.060508844
12.714	0.040683739	0.060687525
12.72	0.040928906	0.060860657
12.726	0.041165507	0.061028413
12.732	0.041393777	0.06119096
12.738	0.041613945	0.06134846
12.744	0.041826231	0.061501069
12.75	0.042030847	0.06164894
12.756	0.042227997	0.061792219
12.762	0.04241788	0.061931049
12.768	0.042600686	0.062065569
12.774	0.042776597	0.062195912
12.78	0.042945791	0.062322209
12.786	0.043108437	0.062444584
12.792	0.043264698	0.062563161
12.798	0.043414733	0.062678056
12.804	0.043558692	0.062789384
12.81	0.04369672	0.062897256
12.816	0.043828957	0.063001779
12.822	0.043955536	0.063103058
12.828	0.044076586	0.063201192
12.834	0.044192229	0.063296281
12.84	0.044302583	0.063388418
12.846	0.044407761	0.063477695
12.852	0.044507868	0.0635642
12.858	0.044603009	0.063648021
12.864	0.044693281	0.06372924
12.87	0.044778776	0.063807939
12.876	0.044859582	0.063884194
12.882	0.044935784	0.063958083
12.888	0.04500746	0.064029679
12.894	0.045074685	0.064099053
12.9	0.04513753	0.064166274
12.906	0.045196062	0.064231409
12.912	0.045250342	0.064294523
12.918	0.045300428	0.064355678
12.924	0.045346375	0.064414935
12.93	0.045388233	0.064472354
12.936	0.045426047	0.06452799
12.942	0.045459861	0.064581901
12.948	0.045489713	0.064634139
12.954	0.045515637	0.064684755
12.96	0.045537664	0.064733802
12.966	0.045555823	0.064781326
12.972	0.045570136	0.064827376
12.978	0.045580624	0.064871998
12.984	0.045587302	0.064915235
12.99	0.045590185	0.06495713
12.996	0.04558928	0.064997726
13.002	0.045584595	0.065037063
13.008	0.04557613	0.065075179
13.014	0.045563885	0.065112113
13.02	0.045547855	0.065147901
13.026	0.045528031	0.065182579
13.032	0.045504401	0.065216181
13.038	0.04547695	0.065248741
13.044	0.045445659	0.065280291
13.05	0.045410505	0.065310862
13.056	0.045371462	0.065340486
13.062	0.045328501	0.06536919
13.068	0.045281589	0.065397004
13.074	0.045230692	0.065423956
13.08	0.045175772	0.065450071
13.086	0.045116792	0.065475377
13.092	0.045053707	0.065499898
13.098	0.044986473	0.065523659
13.104	0.044915039	0.065546682
13.11	0.044839353	0.065568992
13.116	0.044759359	0.06559061
13.122	0.044674994	0.065611558
13.128	0.044586196	0.065631856
13.134	0.044492894	0.065651524
13.14	0.044395016	0.065670583
13.146	0.044292483	0.065689051
13.152	0.044185216	0.065706946
13.158	0.044073126	0.065724287
13.164	0.043956124	0.065741089
13.17	0.043834114	0.065757371
13.176	0.043706996	0.065773148
13.182	0.043574665	0.065788436
13.188	0.043437012	0.06580325
13.194	0.043293923	0.065817605
13.2	0.043145278	0.065831515
13.206	0.042990952	0.065844994
13.212	0.042830816	0.065858054
13.218	0.042664733	0.06587071
13.224	0.042492565	0.065882974
13.23	0.042314164	0.065894858
13.236	0.042129378	0.065906373
13.242	0.041938051	0.065917531
13.248	0.041740018	0.065928344
13.254	0.041535109	0.065938821
13.26	0.041323149	0.065948974
13.266	0.041103956	0.065958812
13.272	0.04087734	0.065968345
13.278	0.040643105	0.065977582
13.284	0.04040105	0.065986534
13.29	0.040150965	0.065995208
13.296	0.039892634	0.066003613
13.302	0.039625831	0.066011758
13.308	0.039350326	0.06601965
13.314	0.039065878	0.066027298
13.32	0.038772241	0.066034709
13.326	0.038469159	0.06604189
13.332	0.038156366	0.066048849
13.338	0.037833592	0.066055592
13.344	0.037500552	0.066062126
13.35	0.037156957	0.066068458
13.356	0.036802507	0.066074594
13.362	0.03643689	0.066080539
13.368	0.036059787	0.066086301
13.374	0.035670867	0.066091884
13.38	0.03526979	0.066097293
13.386	0.034856205	0.066102536
13.392	0.034429748	0.066107616
13.398	0.033990047	0.066112538
13.404	0.033536715	0.066117309
13.41	0.033069357	0.066121931
13.416	0.032587563	0.06612641
13.422	0.032090912	0.066130751
13.428	0.031578967	0.066134957
13.434	0.03105128	0.066139033
13.44	0.030507383	0.066142982
13.446	0.029946792	0.066146809
13.452	0.029369	0.066150518
13.458	0.02877348	0.066154112
13.464	0.028159677	0.066157595
13.47	0.027527016	0.066160969
13.476	0.026874901	0.06616424
13.482	0.026202728	0.066167409
13.488	0.025509904	0.066170479
13.494	0.024795874	0.066173455
13.5	0.024060164	0.066176339
13.506	0.023302425	0.066179133
13.512	0.022522503	0.066181841
13.518	0.02172044	0.066184465
13.524	0.020896451	0.066187008
13.53	0.020050881	0.066189472
13.536	0.019184169	0.06619186
13.542	0.018296818	0.066194174
13.548	0.01738937	0.066196416
13.554	0.016462393	0.066198589
13.56	0.015516468	0.066200694
13.566	0.014552177	0.066202735
13.572	0.013570103	0.066204712
13.578	0.012570819	0.066206628
13.584	0.011554893	0.066208485
13.59	0.010522878	0.066210284
13.596	0.009475318	0.066212027
13.602	0.008412744	0.066213717
13.608	0.007335671	0.066215354
13.614	0.006244605	0.066216941
13.62	0.005140036	0.066218478
13.626	0.004022443	0.066219968
13.632	0.002892292	0.066221412
13.638	0.001750034	0.066222811
13.644	0.000596113	0.066224167
13.65	-0.000569042	0.066225481
13.656	-0.001745014	0.066226755
13.662	-0.002931393	0.066227988
13.668	-0.004127783	0.066229184
13.674	-0.005333796	0.066230343
13.68	-0.006549056	0.066231466
13.686	-0.007773194	0.066232554
13.692	-0.009005851	0.066233608
13.698	-0.010246676	0.06623463
13.704	-0.011495327	0.06623562
13.71	-0.012751471	0.06623658
13.716	-0.014014781	0.06623751
13.722	-0.015284937	0.066238411
13.728	-0.016561628	0.066239284
13.734	-0.017844548	0.06624013
13.74	-0.019133398	0.06624095
13.746	-0.020427885	0.066241745
13.752	-0.021727723	0.066242515
13.758	-0.023032629	0.066243262
13.764	-0.024342328	0.066243985
13.77	-0.025656548	0.066244686
13.776	-0.026975023	0.066245365
13.782	-0.028297491	0.066246023
13.788	-0.029623694	0.066246661
13.794	-0.030953378	0.066247279
13.8	-0.032286294	0.066247878
13.806	-0.033622195	0.066248458
13.812	-0.034960838	0.066249021
13.818	-0.036301982	0.066249566
13.824	-0.037645391	0.066250094
13.83	-0.038990828	0.066250606
13.836	-0.040338063	0.066251102
13.842	-0.041686864	0.066251583
13.848	-0.043037003	0.066252049
13.854	-0.044388253	0.066252501
13.86	-0.045740388	0.066252938
13.866	-0.047093186	0.066253362
13.872	-0.048446422	0.066253773
13.878	-0.049799874	0.066254171
13.884	-0.051153321	0.066254557
13.89	-0.052506542	0.066254931
13.896	-0.053859315	0.066255294
13.902	-0.05521142	0.066255645
13.908	-0.056562636	0.066255985
13.914	-0.05791274	0.066256315
13.92	-0.05926151	0.066256635
13.926	-0.060608724	0.066256944
13.932	-0.061954157	0.066257245
13.938	-0.063297584	0.066257535
13.944	-0.064638777	0.066257817
13.95	-0.065977509	0.066258091
13.956	-0.067313549	0.066258355
13.962	-0.068646664	0.066258612
13.968	-0.06997662	0.066258861
13.974	-0.071303179	0.066259102
13.98	-0.072626101	0.066259335
13.986	-0.073945143	0.066259561
13.992	-0.075260059	0.066259781
13.998	-0.076570599	0.066259993
14.004	-0.07787651	0.066260199
14.01	-0.079177535	0.066260399
14.016	-0.080473411	0.066260592
14.022	-0.081763875	0.06626078
14.028	-0.083048655	0.066260962
14.034	-0.084327477	0.066261138
14.04	-0.08560006	0.066261308
14.046	-0.086866119	0.066261474
14.052	-0.088125363	0.066261634
14.058	-0.089377495	0.066261789
14.064	-0.090622212	0.06626194
14.07	-0.091859204	0.066262084
14.076	-0.09308815	0.066262221
14.082	-0.094308725	0.066262349
14.088	-0.095520594	0.066262463
14.094	-0.096723411	0.06626256
14.1	-0.097916827	0.066262637
14.106	-0.099100481	0.066262689
14.112	-0.100274003	0.066262711
14.118	-0.101437017	0.0662627
14.124	-0.102589135	0.066262652
14.13	-0.103729961	0.066262561
14.136	-0.10485909	0.066262424
14.142	-0.105976105	0.066262237
14.148	-0.107080582	0.066261995
14.154	-0.108172082	0.066261695
14.16	-0.10925016	0.066261331
14.166	-0.110314357	0.066260902
14.172	-0.111364202	0.066260401
14.178	-0.112399212	0.066259826
14.184	-0.113418889	0.066259173
14.19	-0.114422721	0.066258438
14.196	-0.115410176	0.066257617
14.202	-0.116380703	0.066256707
14.208	-0.117333729	0.066255703
14.214	-0.118268656	0.066254602
14.22	-0.119184864	0.0662534
14.226	-0.120081713	0.066252094
14.232	-0.120958557	0.066250679
14.238	-0.121814758	0.066249152
14.244	-0.122649721	0.06624751
14.25	-0.123462926	0.066245748
14.256	-0.124253985	0.066243862
14.262	-0.125022699	0.066241849
14.268	-0.125769068	0.066239705
14.274	-0.126493266	0.066237426
14.28	-0.127195595	0.066235007
14.286	-0.127876452	0.066232446
14.292	-0.128536296	0.066229737
14.298	-0.129175629	0.066226876
14.304	-0.129794974	0.066223859
14.31	-0.130394868	0.066220682
14.316	-0.130975853	0.06621734
14.322	-0.131538465	0.066213829
14.328	-0.132083236	0.066210144
14.334	-0.132610686	0.06620628
14.34	-0.133121325	0.066202233
14.346	-0.133615652	0.066197997
14.352	-0.13409415	0.066193567
14.358	-0.13455729	0.066188939
14.364	-0.135005529	0.066184106
14.37	-0.135439309	0.066179063
14.376	-0.135859061	0.066173805
14.382	-0.1362652	0.066168325
14.388	-0.13665813	0.066162619
14.394	-0.13703824	0.066156679
14.4	-0.137405908	0.066150499
14.406	-0.137761501	0.066144073
14.412	-0.138105371	0.066137395
14.418	-0.138437861	0.066130456
14.424	-0.138759301	0.066123251
14.43	-0.139070012	0.066115772
14.436	-0.139370303	0.066108012
14.442	-0.139660473	0.066099962
14.448	-0.139940812	0.066091615
14.454	-0.140211598	0.066082963
14.46	-0.140473102	0.066073997
14.466	-0.140725584	0.066064709
14.472	-0.140969297	0.06605509
14.478	-0.141204483	0.06604513
14.484	-0.141431378	0.06603482
14.49	-0.141650209	0.066024151
14.496	-0.141861193	0.066013112
14.502	-0.142064543	0.066001692
14.508	-0.142260461	0.065989882
14.514	-0.142449144	0.06597767
14.52	-0.142630781	0.065965045
14.526	-0.142805554	0.065951995
14.532	-0.142973638	0.065938508
14.538	-0.143135203	0.065924572
14.544	-0.14329041	0.065910174
14.55	-0.143439416	0.065895301
14.556	-0.143582371	0.065879938
14.562	-0.143719419	0.065864073
14.568	-0.143850699	0.065847691
14.574	-0.143976343	0.065830776
14.58	-0.144096479	0.065813314
14.586	-0.144211229	0.065795288
14.592	-0.144320708	0.065776683
14.598	-0.14442503	0.065757481
14.604	-0.144524299	0.065737665
14.61	-0.144618619	0.065717218
14.616	-0.144708085	0.06569612
14.622	-0.144792789	0.065674354
14.628	-0.14487282	0.065651899
14.634	-0.144948259	0.065628736
14.64	-0.145019186	0.065604843
14.646	-0.145085675	0.0655802
14.652	-0.145147795	0.065554783
14.658	-0.145205612	0.065528571
14.664	-0.145259188	0.06550154
14.67	-0.145308579	0.065473667
14.676	-0.14535384	0.065444925
14.682	-0.14539502	0.065415289
14.688	-0.145432165	0.065384734
14.694	-0.145465315	0.065353232
14.7	-0.145494509	0.065320754
14.706	-0.145519782	0.065287273
14.712	-0.145541163	0.065252757
14.718	-0.14555868	0.065217177
14.724	-0.145572354	0.065180501
14.73	-0.145582207	0.065142697
14.736	-0.145588253	0.06510373
14.742	-0.145590505	0.065063566
14.748	-0.145588971	0.06502217
14.754	-0.145583657	0.064979505
14.76	-0.145574564	0.064935533
14.766	-0.145561691	0.064890215
14.772	-0.145545031	0.064843511
14.778	-0.145524576	0.064795379
14.784	-0.145500313	0.064745777
14.79	-0.145472226	0.064694661
14.796	-0.145440296	0.064641986
14.802	-0.145404499	0.064587705
14.808	-0.145364808	0.06453177
14.814	-0.145321194	0.064474131
14.82	-0.145273624	0.064414739
14.826	-0.145222063	0.064353543
14.832	-0.145166473	0.064290491
14.838	-0.145106815	0.064225531
14.844	-0.145043047	0.064158609
14.85	-0.14497512	0.06408967
14.856	-0.144902986	0.064018658
14.862	-0.144826591	0.063945513
14.868	-0.144745878	0.063870176
14.874	-0.144660785	0.063792584
14.88	-0.144571246	0.063712673
14.886	-0.144477192	0.063630376
14.892	-0.14437855	0.063545625
14.898	-0.144275241	0.063458349
14.904	-0.144167182	0.063368474
14.91	-0.144054287	0.063275925
14.916	-0.143936464	0.063180624
14.922	-0.143813618	0.06308249
14.928	-0.143685646	0.062981439
14.934	-0.143552445	0.062877386
14.94	-0.143413903	0.062770242
14.946	-0.143269905	0.062659916
14.952	-0.143120331	0.062546313
14.958	-0.142965055	0.062429336
14.964	-0.142803947	0.062308884
14.97	-0.142636871	0.062184853
14.976	-0.142463684	0.062057137
14.982	-0.142284241	0.061925626
14.988	-0.142098388	0.061790205
14.994	-0.141905966	0.061650758
15	-0.141706811	0.061507164
15.006	-0.141500752	0.061359297
15.012	-0.141287613	0.061207031
15.018	-0.141067209	0.061050232
15.024	-0.140839351	0.060888764
15.03	-0.140603842	0.060722487
15.036	-0.140360478	0.060551255
15.042	-0.140109049	0.06037492
15.048	-0.139849337	0.060193326
15.054	-0.139581117	0.060006317
15.06	-0.139304155	0.059813727
15.066	-0.139018211	0.059615389
15.072	-0.138723036	0.05941113
15.078	-0.138418372	0.05920077
15.084	-0.138103954	0.058984125
15.09	-0.137779508	0.058761005
15.096	-0.137444751	0.058531215
15.102	-0.137099389	0.058294554
15.108	-0.13674312	0.058050812
15.114	-0.136375634	0.057799777
15.12	-0.135996608	0.057541227
15.126	-0.13560571	0.057274936
15.132	-0.135202598	0.05700067
15.138	-0.134786918	0.056718188
15.144	-0.134358306	0.056427241
15.15	-0.133916387	0.056127575
15.156	-0.133460773	0.055818925
15.162	-0.132991066	0.055501022
15.168	-0.132506855	0.055173587
15.174	-0.132007716	0.054836332
15.18	-0.131493211	0.054488961
15.186	-0.130962887	0.054131169
15.192	-0.130416276	0.053762638
15.198	-0.129852889	0.053383038
15.204	-0.129272216	0.052992027
15.21	-0.128673726	0.052589246
15.216	-0.128056862	0.052174318
15.222	-0.127421041	0.051746854
15.228	-0.126765667	0.051306451
15.234	-0.126090135	0.050852703
15.24	-0.125393853	0.050385211
15.246	-0.124676274	0.049903609
15.252	-0.123936937	0.049407586
15.258	-0.123175519	0.048896922
15.264	-0.122391895	0.048371533
15.27	-0.121586145	0.047831468
15.276	-0.120758508	0.047276885
15.282	-0.119909352	0.046708026
15.288	-0.119039129	0.046125192
15.294	-0.118148352	0.04552872
15.3	-0.11723757	0.044918977
15.306	-0.116307355	0.044296339
15.312	-0.115358287	0.043661194
15.318	-0.114390952	0.043013928
15.324	-0.11340593	0.042354928
15.33	-0.112403794	0.041684573
15.336	-0.11138511	0.041003239
15.342	-0.110350429	0.040311292
15.348	-0.109300294	0.039609092
15.354	-0.108235231	0.038896989
15.36	-0.107155757	0.038175325
15.366	-0.106062372	0.037444433
15.372	-0.104955567	0.036704637
15.378	-0.103835816	0.035956254
15.384	-0.102703584	0.035199592
15.39	-0.101559322	0.034434949
15.396	-0.100403469	0.033662618
15.402	-0.099236453	0.032882883
15.408	-0.098058691	0.032096021
15.414	-0.096870588	0.0313023
15.42	-0.095672541	0.030501984
15.426	-0.094464934	0.029695328
15.432	-0.093248144	0.028882582
15.438	-0.092022537	0.02806399
15.444	-0.09078847	0.027239789
15.45	-0.089546293	0.02641021
15.456	-0.088296347	0.02557548
15.462	-0.087038964	0.024735821
15.468	-0.085774469	0.023891447
15.474	-0.08450318	0.02304257
15.48	-0.083225409	0.022189396
15.486	-0.081941459	0.021332129
15.492	-0.080651629	0.020470965
15.498	-0.07935621	0.019606098
15.504	-0.078055489	0.018737719
15.51	-0.076749746	0.017866014
15.516	-0.075439256	0.016991166
15.522	-0.07412429	0.016113355
15.528	-0.072805113	0.015232756
15.534	-0.071481987	0.014349544
15.54	-0.070155169	0.013463889
15.546	-0.068824911	0.01257596
15.552	-0.067491464	0.011685922
15.558	-0.066155072	0.010793938
15.564	-0.064815979	0.009900171
15.57	-0.063474425	0.009004779
15.576	-0.062130645	0.00810792
15.582	-0.060784876	0.00720975
15.588	-0.059437348	0.006310422
15.594	-0.058088293	0.005410091
15.6	-0.056737937	0.004508907
15.606	-0.055386509	0.003607022
15.612	-0.054034232	0.002704585
15.618	-0.05268133	0.001801745
15.624	-0.051328027	0.00089865
15.63	-0.049974545	-4.55E-06
15.636	-0.048621105	-0.000907714
15.642	-0.047267928	-0.001810688
15.648	-0.045915235	-0.002713327
15.654	-0.044563248	-0.003615486
15.66	-0.043212187	-0.004517015
15.666	-0.041862274	-0.005417768
15.672	-0.040513732	-0.006317596
15.678	-0.039166784	-0.007216352
15.684	-0.037821654	-0.008113885
15.69	-0.036478568	-0.009010046
15.696	-0.035137753	-0.009904683
15.702	-0.033799438	-0.010797644
15.708	-0.032463853	-0.011688775
15.714	-0.031131232	-0.012577921
15.72	-0.029801809	-0.013464926
15.726	-0.028475823	-0.014349631
15.732	-0.027153514	-0.015231876
15.738	-0.025835125	-0.016111499
15.744	-0.024520904	-0.016988335
15.75	-0.0232111	-0.017862218
15.756	-0.021905968	-0.018732978
15.762	-0.020605765	-0.019600443
15.768	-0.019310753	-0.02046444
15.774	-0.018021199	-0.021324791
15.78	-0.016737374	-0.022181315
15.786	-0.015459553	-0.023033828
15.792	-0.014188017	-0.023882143
15.798	-0.012923054	-0.024726069
15.804	-0.011664953	-0.025565412
15.81	-0.010414015	-0.026399974
15.816	-0.009170542	-0.02722955
15.822	-0.007934848	-0.028053936
15.828	-0.006707251	-0.028872918
15.834	-0.005488081	-0.029686282
15.84	-0.004277674	-0.030493806
15.846	-0.003076375	-0.031295264
15.852	-0.001884537	-0.032090425
15.858	-0.000702522	-0.032879051
15.864	0.000469301	-0.033660902
15.87	0.001630552	-0.034435728
15.876	0.002780842	-0.035203274
15.882	0.003919774	-0.03596328
15.888	0.005046941	-0.036715479
15.894	0.006161925	-0.037459596
15.9	0.007264299	-0.038195351
15.906	0.008353624	-0.038922456
15.912	0.009429452	-0.039640615
15.918	0.010491321	-0.040349525
15.924	0.01153876	-0.041048876
15.93	0.012571283	-0.041738347
15.936	0.01358839	-0.042417609
15.942	0.014589566	-0.043086322
15.948	0.015574276	-0.043744134
15.954	0.016541966	-0.044390678
15.96	0.017492058	-0.045025574
15.966	0.018423951	-0.045648425
15.972	0.019337021	-0.046258816
15.978	0.020230625	-0.046856325
15.984	0.021104116	-0.047440522
15.99	0.021956859	-0.048010989
15.996	0.022788264	-0.048567337
16.002	0.023597828	-0.049109232
16.008	0.024385185	-0.049636435
16.014	0.025150169	-0.050148839
16.02	0.025892815	-0.050646471
16.026	0.026613322	-0.05112947
16.032	0.027312015	-0.051598054
16.038	0.027989303	-0.052052502
16.044	0.028645657	-0.052493132
16.05	0.029281584	-0.052920286
16.056	0.029897612	-0.05333432
16.062	0.030494279	-0.053735599
16.068	0.031072126	-0.054124488
16.074	0.03163169	-0.054501348
16.08	0.0321735	-0.05486654
16.086	0.032698077	-0.055220413
16.092	0.033205928	-0.055563311
16.098	0.033697549	-0.055895571
16.104	0.034173421	-0.056217519
16.11	0.034634013	-0.056529472
16.116	0.03507978	-0.05683174
16.122	0.035511161	-0.057124621
16.128	0.035928586	-0.057408407
16.134	0.036332466	-0.057683379
16.14	0.036723204	-0.057949812
16.146	0.037101187	-0.058207969
16.152	0.037466791	-0.058458109
16.158	0.03782038	-0.058700479
16.164	0.038162305	-0.058935322
16.17	0.038492906	-0.059162871
16.176	0.038812512	-0.059383352
16.182	0.039121442	-0.059596986
16.188	0.039420004	-0.059803986
16.194	0.039708493	-0.060004556
16.2	0.039987199	-0.060198898
16.206	0.040256399	-0.060387204
16.212	0.040516362	-0.060569663
16.218	0.040767346	-0.060746456
16.224	0.041009602	-0.060917758
16.23	0.041243372	-0.061083741
16.236	0.04146889	-0.06124457
16.242	0.04168638	-0.061400405
16.248	0.041896061	-0.061551401
16.254	0.042098142	-0.061697709
16.26	0.042292825	-0.061839474
16.266	0.042480305	-0.061976837
16.272	0.04266077	-0.062109935
16.278	0.042834401	-0.062238901
16.284	0.043001373	-0.062363863
16.29	0.043161853	-0.062484945
16.296	0.043316002	-0.062602268
16.302	0.043463976	-0.062715949
16.308	0.043605924	-0.062826101
16.314	0.043741989	-0.062932833
16.32	0.043872308	-0.063036252
16.326	0.043997013	-0.06313646
16.332	0.044116231	-0.063233558
16.338	0.044230083	-0.063327642
16.344	0.044338684	-0.063418805
16.35	0.044442145	-0.063507139
16.356	0.044540572	-0.063592731
16.362	0.044634066	-0.063675666
16.368	0.044722721	-0.063756027
16.374	0.044806631	-0.063833894
16.38	0.044885881	-0.063909344
16.386	0.044960553	-0.063982453
16.392	0.045030726	-0.064053293
16.398	0.045096472	-0.064121934
16.404	0.045157861	-0.064188445
16.41	0.045214958	-0.064252892
16.416	0.045267823	-0.064315338
16.422	0.045316514	-0.064375848
16.428	0.045361083	-0.064434479
16.434	0.045401578	-0.064491291
16.44	0.045438045	-0.06454634
16.446	0.045470525	-0.064599681
16.452	0.045499055	-0.064651367
16.458	0.045523669	-0.064701449
16.464	0.045544396	-0.064749978
16.47	0.045561262	-0.064797001
16.476	0.045574291	-0.064842564
16.482	0.0455835	-0.064886714
16.488	0.045588904	-0.064929495
16.494	0.045590517	-0.064970948
16.5	0.045588345	-0.065011115
16.506	0.045582393	-0.065050036
16.512	0.045572662	-0.06508775
16.518	0.04555915	-0.065124294
16.524	0.04554185	-0.065159704
16.53	0.045520753	-0.065194016
16.536	0.045495846	-0.065227263
16.542	0.045467112	-0.06525948
16.548	0.045434531	-0.065290697
16.554	0.045398079	-0.065320945
16.56	0.045357728	-0.065350256
16.566	0.045313449	-0.065378657
16.572	0.045265208	-0.065406178
16.578	0.04521297	-0.065432845
16.584	0.045156697	-0.065458685
16.59	0.045096349	-0.065483723
16.596	0.045031882	-0.065507985
16.602	0.04496325	-0.065531495
16.608	0.044890401	-0.065554276
16.614	0.044813282	-0.06557635
16.62	0.044731834	-0.06559774
16.626	0.044645995	-0.065618466
16.632	0.0445557	-0.06563855
16.638	0.044460878	-0.065658011
16.644	0.044361454	-0.065676869
16.65	0.044257349	-0.065695142
16.656	0.044148481	-0.065712848
16.662	0.044034761	-0.065730006
16.668	0.043916097	-0.065746631
16.674	0.043792393	-0.065762741
16.68	0.043663547	-0.065778352
16.686	0.043529452	-0.065793479
16.692	0.043389998	-0.065808136
16.698	0.043245067	-0.06582234
16.704	0.04309454	-0.065836103
16.71	0.04293829	-0.065849439
16.716	0.042776184	-0.065862362
16.722	0.042608087	-0.065874884
16.728	0.042433855	-0.065887019
16.734	0.042253341	-0.065898777
16.74	0.042066391	-0.065910171
16.746	0.041872845	-0.065921211
16.752	0.041672537	-0.06593191
16.758	0.041465296	-0.065942276
16.764	0.041250944	-0.065952322
16.77	0.041029295	-0.065962056
16.776	0.04080016	-0.065971489
16.782	0.04056334	-0.065980629
16.788	0.04031863	-0.065989486
16.794	0.040065819	-0.065998069
16.8	0.039804688	-0.066006385
16.806	0.039535009	-0.066014444
16.812	0.039256548	-0.066022253
16.818	0.038969064	-0.06602982
16.824	0.038672306	-0.066037153
16.83	0.038366015	-0.066044259
16.836	0.038049924	-0.066051144
16.842	0.037723758	-0.066057816
16.848	0.037387232	-0.066064281
16.854	0.037040051	-0.066070546
16.86	0.036681912	-0.066076617
16.866	0.036312501	-0.0660825
16.872	0.035931495	-0.066088201
16.878	0.03553856	-0.066093725
16.884	0.035133352	-0.066099078
16.89	0.034715516	-0.066104265
16.896	0.034284685	-0.066109291
16.902	0.033840483	-0.066114162
16.908	0.033382519	-0.066118882
16.914	0.032910394	-0.066123456
16.92	0.032423694	-0.066127888
16.926	0.031921993	-0.066132182
16.932	0.03140485	-0.066136344
16.938	0.030871811	-0.066140377
16.944	0.030322403	-0.066144285
16.95	0.029756134	-0.066148072
16.956	0.029172492	-0.066151741
16.962	0.028570939	-0.066155297
16.968	0.027950914	-0.066158743
16.974	0.027311834	-0.066162082
16.98	0.0266531	-0.066165318
16.986	0.025974108	-0.066168454
16.992	0.025274276	-0.066171492
16.998	0.02455307	-0.066174437
