0.006	0	0
0.012	0	0
0.018	0	0
0.024	0	0
0.03	0	0
0.036	0	0
0.042	0	0
0.048	0	0
0.054	0	0
0.06	0	0
0.066	0	0
0.072	0	0
0.078	0	0
0.084	0	0
0.09	0	0
0.096	0	0
0.102	0	0
0.108	0	0
0.114	0	0
0.12	0	0
0.126	0	0
0.132	0	0
0.138	0	0
0.144	0	0
0.15	0	0
0.156	0	0
0.162	0	0
0.168	0	0
0.174	0	0
0.18	0	0
0.186	0	0
0.192	0	0
0.198	0	0
0.204	0	0
0.21	0	0
0.216	0	0
0.222	0	0
0.228	0	0
0.234	0	0
0.24	0	0
0.246	0	0
0.252	0	0
0.258	0	0
0.264	0	0
0.27	0	0
0.276	0	0
0.282	0	0
0.288	0	0
0.294	0	0
0.3	0	0
0.306	0	0
0.312	0	0
0.318	0	0
0.324	0	0
0.33	0	0
0.336	0	0
0.342	0	0
0.348	0	0
0.354	0	0
0.36	0	0
0.366	0	0
0.372	0	0
0.378	0	0
0.384	0	0
0.39	0	0
0.396	0	0
0.402	0	0
0.408	0	0
0.414	0	0
0.42	0	0
0.426	0	0
0.432	0	0
0.438	0	0
0.444	0	0
0.45	0	0
0.456	0	0
0.462	0	0
0.468	0	0
0.474	0	0
0.48	0	0
0.486	0	0
0.492	0	0
0.498	0	0
0.504	0	0
0.51	0	0
0.516	0	0
0.522	0	0
0.528	0	0
0.534	0	0
0.54	0	0
0.546	0	0
0.552	0	0
0.558	0	0
0.564	0	0
0.57	0	0
0.576	0	0
0.582	0	0
0.588	0	0
0.594	0	0
0.6	0	0
0.606	0	0
0.612	0	0
0.618	0	0
0.624	0	0
0.63	0	0
0.636	0	0
0.642	0	0
0.648	0	0
0.654	0	0
0.66	0	0
0.666	0	0
0.672	0	0
0.678	0	0
0.684	0	0
0.69	0	0
0.696	0	0
0.702	0	0
0.708	0	0
0.714	0	0
0.72	0	0
0.726	0	0
0.732	0	0
0.738	0	0
0.744	0	0
0.75	0	0
0.756	0	0
0.762	0	0
0.768	0	0
0.774	0	0
0.78	0	0
0.786	0	0
0.792	0	0
0.798	0	0
0.804	0	0
0.81	0	0
0.816	0	0
0.822	0	0
0.828	0	0
0.834	0	0
0.84	0	0
0.846	0	0
0.852	0	0
0.858	0	0
0.864	0	0
0.87	0	0
0.876	0	0
0.882	0	0
0.888	0	0
0.894	0	0
0.9	0	0
0.906	0	0
0.912	0	0
0.918	0	0
0.924	0	0
0.93	0	0
0.936	0	0
0.942	0	0
0.948	0	0
0.954	0	0
0.96	0	0
0.966	0	0
0.972	0	0
0.978	0	0
0.984	0	0
0.99	0	0
0.996	0	0
1.002	0	0
1.008	0	0
1.014	0	0
1.02	0	0
1.026	0	0
1.032	0	0
1.038	0	0
1.044	0	0
1.05	0	0
1.056	0	0
1.062	0	0
1.068	0	0
1.074	0	0
1.08	0	0
1.086	0	0
1.092	0	0
1.098	0	0
1.104	0	0
1.11	0	0
1.116	0	0
1.122	0	0
1.128	0	0
1.134	0	0
1.14	0	0
1.146	0	0
1.152	0	0
1.158	0	0
1.164	0	0
1.17	0	0
1.176	0	0
1.182	0	0
1.188	0	0
1.194	0	0
1.2	0	0
1.206	0	0
1.212	0	0
1.218	0	0
1.224	0	0
1.23	0	0
1.236	0	0
1.242	0	0
1.248	0	0
1.254	0	0
1.26	0	0
1.266	0	0
1.272	0	0
1.278	0	0
1.284	0	0
1.29	0	0
1.296	0	0
1.302	0	0
1.308	0	0
1.314	0	0
1.32	0	0
1.326	0	0
1.332	0	0
1.338	0	0
1.344	0	0
1.35	0	0
1.356	0	0
1.362	0	0
1.368	0	0
1.374	0	0
1.38	0	0
1.386	0	0
1.392	0	0
1.398	0	0
1.404	0	0
1.41	0	0
1.416	0	0
1.422	0	0
1.428	0	0
1.434	0	0
1.44	0	0
1.446	0	0
1.452	0	0
1.458	0	0
1.464	0	0
1.47	0	0
1.476	0	0
1.482	0	0
1.488	0	0
1.494	0	0
1.5	0	0
1.506	0	0
1.512	0	0
1.518	0	0
1.524	0	0
1.53	0	0
1.536	0	0
1.542	0	0
1.548	0	0
1.554	0	0
1.56	0	0
1.566	0	0
1.572	0	0
1.578	0	0
1.584	0	0
1.59	0	0
1.596	0	0
1.602	0	0
1.608	0	0
1.614	0	0
1.62	0	0
1.626	0	0
1.632	0	0
1.638	0	0
1.644	0	0
1.65	0	0
1.656	0	0
1.662	0	0
1.668	0	0
1.674	0	0
1.68	0	0
1.686	0	0
1.692	0	0
1.698	0	0
1.704	0	0
1.71	0	0
1.716	0	0
1.722	0	0
1.728	0	0
1.734	0	0
1.74	0	0
1.746	0	0
1.752	0	0
1.758	0	0
1.764	0	0
1.77	0	0
1.776	0	0
1.782	0	0
1.788	0	0
1.794	0	0
1.8	0	0
1.806	-1.97E-10	-1.31E-10
1.812	-1.84E-09	-1.22E-09
1.818	-7.63E-09	-5.09E-09
1.824	-2.17E-08	-1.45E-08
1.83	-4.92E-08	-3.28E-08
1.836	-9.60E-08	-6.40E-08
1.842	-1.69E-07	-1.13E-07
1.848	-2.74E-07	-1.83E-07
1.854	-4.19E-07	-2.80E-07
1.86	-6.11E-07	-4.07E-07
1.866	-8.56E-07	-5.71E-07
1.872	-1.16E-06	-7.76E-07
1.878	-1.54E-06	-1.03E-06
1.884	-1.99E-06	-1.32E-06
1.89	-2.52E-06	-1.68E-06
1.896	-3.14E-06	-2.09E-06
1.902	-3.85E-06	-2.57E-06
1.908	-4.66E-06	-3.11E-06
1.914	-5.59E-06	-3.73E-06
1.92	-6.62E-06	-4.42E-06
1.926	-7.78E-06	-5.19E-06
1.932	-9.07E-06	-6.05E-06
1.938	-1.05E-05	-6.99E-06
1.944	-1.20E-05	-8.03E-06
1.95	-1.37E-05	-9.17E-06
1.956	-1.56E-05	-1.04E-05
1.962	-1.76E-05	-1.17E-05
1.968	-1.98E-05	-1.32E-05
1.974	-2.21E-05	-1.48E-05
1.98	-2.46E-05	-1.64E-05
1.986	-2.73E-05	-1.82E-05
1.992	-3.02E-05	-2.02E-05
1.998	-3.33E-05	-2.22E-05
2.004	-3.66E-05	-2.44E-05
2.01	-4.01E-05	-2.67E-05
2.016	-4.38E-05	-2.92E-05
2.022	-4.77E-05	-3.18E-05
2.028	-5.19E-05	-3.46E-05
2.034	-5.63E-05	-3.75E-05
2.04	-6.09E-05	-4.06E-05
2.046	-6.58E-05	-4.39E-05
2.052	-7.09E-05	-4.73E-05
2.058	-7.63E-05	-5.09E-05
2.064	-8.19E-05	-5.47E-05
2.07	-8.79E-05	-5.86E-05
2.076	-9.41E-05	-6.28E-05
2.082	-1.01E-04	-6.71E-05
2.088	-1.07E-04	-7.17E-05
2.094	-1.15E-04	-7.64E-05
2.1	-1.22E-04	-8.14E-05
2.106	-1.30E-04	-8.65E-05
2.112	-1.38E-04	-9.19E-05
2.118	-0.000146257	-9.76E-05
2.124	-0.000155045	-1.03E-04
2.13	-0.000164195	-1.10E-04
2.136	-0.000173718	-1.16E-04
2.142	-0.000183622	-1.22E-04
2.148	-0.000193918	-1.29E-04
2.154	-0.000204618	-1.36E-04
2.16	-0.00021573	-1.44E-04
2.166	-0.000227265	-1.52E-04
2.172	-0.00023923	-1.60E-04
2.178	-0.000251632	-1.68E-04
2.184	-0.000264479	-1.76E-04
2.19	-0.000277775	-1.85E-04
2.196	-0.000291529	-1.94E-04
2.202	-0.000305746	-2.04E-04
2.208	-0.000320433	-2.14E-04
2.214	-0.000335597	-0.000223852
2.22	-0.000351247	-0.00023429
2.226	-0.000367389	-0.000245058
2.232	-0.000384034	-0.00025616
2.238	-0.000401189	-0.000267603
2.244	-0.000418866	-0.000279394
2.25	-0.000437074	-0.000291539
2.256	-0.000455824	-0.000304046
2.262	-0.000475128	-0.000316922
2.268	-0.000494999	-0.000330177
2.274	-0.00051545	-0.000343818
2.28	-0.000536493	-0.000357854
2.286	-0.000558144	-0.000372296
2.292	-0.000580416	-0.000387152
2.298	-0.000603327	-0.000402434
2.304	-0.000626892	-0.000418152
2.31	-0.000651128	-0.000434318
2.316	-0.000676052	-0.000450943
2.322	-0.000701684	-0.00046804
2.328	-0.000728042	-0.000485622
2.334	-0.000755147	-0.000503701
2.34	-0.000783018	-0.000522292
2.346	-0.000811678	-0.000541409
2.352	-0.000841149	-0.000561067
2.358	-0.000871454	-0.000581281
2.364	-0.000902616	-0.000602067
2.37	-0.000934661	-0.000623442
2.376	-0.000967614	-0.000645422
2.382	-0.001001501	-0.000668026
2.388	-0.00103635	-0.000691271
2.394	-0.00107219	-0.000715177
2.4	-0.001109049	-0.000739763
2.406	-0.001146959	-0.000765049
2.412	-0.001185949	-0.000791057
2.418	-0.001226052	-0.000817807
2.424	-0.001267303	-0.000845322
2.43	-0.001309734	-0.000873625
2.436	-0.001353382	-0.000902739
2.442	-0.001398284	-0.00093269
2.448	-0.001444477	-0.000963501
2.454	-0.001491999	-0.0009952
2.46	-0.001540892	-0.001027813
2.466	-0.001591198	-0.001061368
2.472	-0.001642957	-0.001095893
2.478	-0.001696216	-0.001131418
2.484	-0.001751019	-0.001167973
2.49	-0.001807413	-0.001205589
2.496	-0.001865447	-0.001244299
2.502	-0.001925171	-0.001284136
2.508	-0.001986635	-0.001325134
2.514	-0.002049894	-0.001367329
2.52	-0.002115001	-0.001410757
2.526	-0.002182013	-0.001455456
2.532	-0.002250987	-0.001501464
2.538	-0.002321984	-0.001548821
2.544	-0.002395066	-0.001597568
2.55	-0.002470295	-0.001647748
2.556	-0.002547737	-0.001699403
2.562	-0.002627456	-0.001752578
2.568	-0.002709517	-0.001807315
2.574	-0.002793983	-0.001863655
2.58	-0.002880917	-0.001921643
2.586	-0.002970384	-0.001981319
2.592	-0.003062448	-0.002042728
2.598	-0.003157177	-0.002105914
2.604	-0.003254639	-0.002170924
2.61	-0.003354906	-0.002237805
2.616	-0.003458052	-0.002306606
2.622	-0.003564154	-0.002377378
2.628	-0.003673291	-0.002450175
2.634	-0.003785546	-0.002525052
2.64	-0.003901004	-0.002602066
2.646	-0.004019755	-0.002681275
2.652	-0.004141889	-0.002762742
2.658	-0.004267504	-0.00284653
2.664	-0.004396697	-0.002932705
2.67	-0.004529571	-0.003021335
2.676	-0.004666232	-0.003112491
2.682	-0.004806789	-0.003206247
2.688	-0.004951357	-0.003302677
2.694	-0.005100053	-0.003401861
2.7	-0.005252997	-0.003503878
2.706	-0.005410316	-0.003608813
2.712	-0.005572138	-0.003716753
2.718	-0.005738598	-0.003827786
2.724	-0.005909833	-0.003942004
2.73	-0.006085987	-0.004059503
2.736	-0.006267207	-0.004180381
2.742	-0.006453645	-0.00430474
2.748	-0.006645457	-0.004432683
2.754	-0.006842805	-0.004564319
2.76	-0.007045857	-0.00469976
2.766	-0.007254785	-0.00483912
2.772	-0.007469766	-0.004982518
2.778	-0.007690984	-0.005130075
2.784	-0.007918628	-0.005281919
2.79	-0.008152892	-0.005438179
2.796	-0.008393977	-0.005598989
2.802	-0.00864209	-0.005764486
2.808	-0.008897445	-0.005934814
2.814	-0.009160262	-0.00611012
2.82	-0.009430767	-0.006290553
2.826	-0.009709195	-0.006476272
2.832	-0.009995786	-0.006667435
2.838	-0.010290788	-0.006864209
2.844	-0.010594458	-0.007066764
2.85	-0.010907059	-0.007275276
2.856	-0.011228863	-0.007489927
2.862	-0.011560149	-0.007710904
2.868	-0.011901207	-0.007938397
2.874	-0.012252333	-0.008172607
2.88	-0.012613834	-0.008413737
2.886	-0.012986025	-0.008661997
2.892	-0.01336923	-0.008917604
2.898	-0.013763782	-0.009180781
2.904	-0.014170027	-0.009451756
2.91	-0.01458832	-0.009730768
2.916	-0.015019029	-0.010018062
2.922	-0.015462539	-0.010313893
2.928	-0.015919246	-0.010618528
2.934	-0.016389566	-0.010932243
2.94	-0.01687393	-0.011255326
2.946	-0.017372791	-0.011588079
2.952	-0.017886622	-0.011930816
2.958	-0.018415919	-0.01228387
2.964	-0.018961199	-0.012647585
2.97	-0.019522996	-0.013022318
2.976	-0.02010185	-0.013408427
2.982	-0.020698283	-0.013806263
2.988	-0.021312773	-0.014216143
2.994	-0.021945709	-0.014638327
3	-0.022597336	-0.015072978
