3.006	-0.023267693	-0.015520123
3.012	-0.023956598	-0.015979639
3.018	-0.02466368	-0.01645128
3.024	-0.025388425	-0.016934703
3.03	-0.026130214	-0.017429494
3.036	-0.026888352	-0.017935191
3.042	-0.027662097	-0.018451298
3.048	-0.028450675	-0.018977299
3.054	-0.029253292	-0.019512664
3.06	-0.030069146	-0.020056859
3.066	-0.03089743	-0.020609344
3.072	-0.031737338	-0.021169584
3.078	-0.032588069	-0.021737042
3.084	-0.033448824	-0.022311187
3.09	-0.034318815	-0.022891492
3.096	-0.035197256	-0.023477434
3.102	-0.036083371	-0.024068495
3.108	-0.036976389	-0.02466416
3.114	-0.037875549	-0.025263921
3.12	-0.038780091	-0.025867273
3.126	-0.039689265	-0.026473715
3.132	-0.040602325	-0.027082748
3.138	-0.041518529	-0.027693879
3.144	-0.042437139	-0.028306614
3.15	-0.043357422	-0.028920465
3.156	-0.044278644	-0.029534943
3.162	-0.045200078	-0.030149562
3.168	-0.046120994	-0.030763835
3.174	-0.047040665	-0.031377279
3.18	-0.047958363	-0.031989406
3.186	-0.048873361	-0.032599732
3.192	-0.049784929	-0.03320777
3.198	-0.050692335	-0.033813032
3.204	-0.051594845	-0.034415029
3.21	-0.052491723	-0.035013268
3.216	-0.053382225	-0.035607255
3.222	-0.054265607	-0.036196493
3.228	-0.055141117	-0.036780479
3.234	-0.056007997	-0.03735871
3.24	-0.056865484	-0.037930674
3.246	-0.057712806	-0.038495859
3.252	-0.058549184	-0.039053744
3.258	-0.059373832	-0.039603804
3.264	-0.060185952	-0.040145508
3.27	-0.060984736	-0.040678317
3.276	-0.061769366	-0.041201684
3.282	-0.062539007	-0.041715054
3.288	-0.06329281	-0.042217859
3.294	-0.064029906	-0.04270952
3.3	-0.064749404	-0.043189443
3.306	-0.06545039	-0.043657018
3.312	-0.066131928	-0.044111617
3.318	-0.066793062	-0.044552603
3.324	-0.067432829	-0.044979324
3.33	-0.068050272	-0.045391137
3.336	-0.068644466	-0.045787417
3.342	-0.069214556	-0.046167584
3.348	-0.069759809	-0.04653114
3.354	-0.07027967	-0.046877707
3.36	-0.0707738	-0.047207048
3.366	-0.071242053	-0.047519057
3.372	-0.071684437	-0.047813729
3.378	-0.07210107	-0.048091134
3.384	-0.072492147	-0.048351393
3.39	-0.07285791	-0.048594658
3.396	-0.073198632	-0.048821103
3.402	-0.073514599	-0.049030908
3.408	-0.073806098	-0.049224258
3.414	-0.074073415	-0.049401333
3.42	-0.074316823	-0.049562308
3.426	-0.074536583	-0.049707349
3.432	-0.074732941	-0.049836611
3.438	-0.074906123	-0.049950236
3.444	-0.075056337	-0.050048356
3.45	-0.075183773	-0.050131088
3.456	-0.075288598	-0.050198536
3.462	-0.075370958	-0.05025079
3.468	-0.075430983	-0.050287927
3.474	-0.075468776	-0.050310008
3.48	-0.075484423	-0.050317083
3.486	-0.075477989	-0.050309187
3.492	-0.075449516	-0.050286339
3.498	-0.075399027	-0.050248546
3.504	-0.075326523	-0.050195802
3.51	-0.075231986	-0.050128084
3.516	-0.075115375	-0.050045357
3.522	-0.074976629	-0.049947573
3.528	-0.074815667	-0.049834667
3.534	-0.074632385	-0.049706563
3.54	-0.074426662	-0.049563168
3.546	-0.074198351	-0.049404378
3.552	-0.073947287	-0.049230072
3.558	-0.073673284	-0.049040116
3.564	-0.073376133	-0.048834361
3.57	-0.073055604	-0.048612645
3.576	-0.072711447	-0.048374789
3.582	-0.072343388	-0.0481206
3.588	-0.071951131	-0.047849871
3.594	-0.071534359	-0.047562379
3.6	-0.071092732	-0.047257886
3.606	-0.070625886	-0.046936137
3.612	-0.070133436	-0.046596864
3.618	-0.069614971	-0.046239782
3.624	-0.069070059	-0.045864588
3.63	-0.068498242	-0.045470965
3.636	-0.06789904	-0.045058579
3.642	-0.067271945	-0.044627079
3.648	-0.066616429	-0.044176098
3.654	-0.065931935	-0.04370525
3.66	-0.065217881	-0.043214134
3.666	-0.064473655	-0.042702329
3.672	-0.063698615	-0.042169396
3.678	-0.062892083	-0.041614874
3.684	-0.06205335	-0.041038281
3.69	-0.061181665	-0.040439107
3.696	-0.060276235	-0.039816815
3.702	-0.059336219	-0.039170836
3.708	-0.058360729	-0.038500566
3.714	-0.057348825	-0.037805372
3.72	-0.056299533	-0.037084591
3.726	-0.055211865	-0.036337555
3.732	-0.054084857	-0.035563609
3.738	-0.052917636	-0.034762157
3.744	-0.051709499	-0.033932719
3.75	-0.050460026	-0.033074999
3.756	-0.04916921	-0.032188979
3.762	-0.047837479	-0.031274928
3.768	-0.04646563	-0.030333363
3.774	-0.04505475	-0.029364989
3.78	-0.043606129	-0.028370651
3.786	-0.042121203	-0.027351286
3.792	-0.040601503	-0.026307895
3.798	-0.039048616	-0.025241518
3.804	-0.037464168	-0.024153216
3.81	-0.035849797	-0.023044059
3.816	-0.034207145	-0.021915119
3.822	-0.032537852	-0.020767465
3.828	-0.030843543	-0.019602157
3.834	-0.029125834	-0.018420244
3.84	-0.027386322	-0.017222765
3.846	-0.025626587	-0.016010744
3.852	-0.023848193	-0.014785196
3.858	-0.022052686	-0.013547121
3.864	-0.020241597	-0.012297508
3.87	-0.018416438	-0.011037333
3.876	-0.01657871	-0.009767562
3.882	-0.014729898	-0.008489152
3.888	-0.012871475	-0.007203048
3.894	-0.011004904	-0.005910187
3.9	-0.009131636	-0.004611499
3.906	-0.007253116	-0.003307908
3.912	-0.005370779	-0.002000328
3.918	-0.003486056	-0.000689671
3.924	-0.001600371	0.000623157
3.93	0.000284852	0.001937253
3.936	0.002168194	0.003251718
3.942	0.004048236	0.004565652
3.948	0.005923557	0.005878161
3.954	0.007792736	0.007188347
3.96	0.009654348	0.008495313
3.966	0.011506962	0.009798162
3.972	0.013349143	0.011095992
3.978	0.01517945	0.012387901
3.984	0.01699643	0.013672981
3.99	0.018798624	0.014950322
3.996	0.020584561	0.016219006
4.002	0.022352759	0.017478112
4.008	0.024101721	0.018726709
4.014	0.025829937	0.019963861
4.02	0.027535878	0.021188622
4.026	0.029217997	0.022400033
4.032	0.030874721	0.023597125
4.038	0.032504449	0.024778907
4.044	0.034105548	0.025944374
4.05	0.035676343	0.027092492
4.056	0.037215119	0.028222204
4.062	0.038720115	0.029332424
4.068	0.040189541	0.03042204
4.074	0.041621585	0.03148993
4.08	0.043014453	0.032534982
4.086	0.044366421	0.033556131
4.092	0.045675908	0.034552409
4.098	0.046941578	0.035523014
4.104	0.048162461	0.036467392
4.11	0.04933802	0.03738528
4.116	0.050468114	0.038276683
4.122	0.051552911	0.039141814
4.128	0.052592809	0.039981046
4.134	0.053588363	0.040794859
4.14	0.054540233	0.041583806
4.146	0.055449142	0.042348489
4.152	0.056315847	0.043089537
4.158	0.057141119	0.043807589
4.164	0.057925726	0.044503291
4.17	0.058670424	0.045177284
4.176	0.059375951	0.0458302
4.182	0.060043018	0.046462661
4.188	0.060672309	0.047075274
4.194	0.061264479	0.047668633
4.2	0.06182015	0.048243315
4.206	0.062339914	0.048799881
4.212	0.062824328	0.049338876
4.218	0.063273918	0.049860829
4.224	0.063689177	0.050366253
4.23	0.064070564	0.050855646
4.236	0.064418508	0.05132949
4.242	0.064733405	0.05178825
4.248	0.065015619	0.05223238
4.254	0.065265482	0.052662318
4.26	0.065483297	0.053078488
4.266	0.065669335	0.053481299
4.272	0.065823837	0.053871151
4.278	0.065947013	0.054248428
4.284	0.066039043	0.054613502
4.29	0.066100078	0.054966733
4.296	0.06613024	0.055308471
4.302	0.066129621	0.055639054
4.308	0.066098283	0.055958807
4.314	0.066036259	0.056268046
4.32	0.065943555	0.056567078
4.326	0.065820146	0.056856197
4.332	0.065665979	0.05713569
4.338	0.065480971	0.057405833
4.344	0.065265011	0.057666893
4.35	0.065017959	0.057919128
4.356	0.064739645	0.058162788
4.362	0.064429872	0.058398114
4.368	0.064088412	0.05862534
4.374	0.063715007	0.058844689
4.38	0.063309372	0.05905638
4.386	0.06287119	0.059260623
4.392	0.062400116	0.059457619
4.398	0.061895776	0.059647564
4.404	0.061357763	0.059830648
4.41	0.060785643	0.060007052
4.416	0.060178943	0.060176956
4.422	0.059537158	0.060340533
4.428	0.058859745	0.060497951
4.434	0.058146121	0.060649377
4.44	0.057395661	0.060794968
4.446	0.056607693	0.060934878
4.452	0.055781492	0.061069258
4.458	0.054916283	0.06119825
4.464	0.054011236	0.061321992
4.47	0.053065485	0.061440618
4.476	0.052078143	0.061554255
4.482	0.051048346	0.061663027
4.488	5.00E-02	0.061767051
4.494	0.048858452	0.061866441
4.5	0.047697416	0.061961304
4.506	0.046492291	0.062051746
4.512	0.045243591	0.062137865
4.518	0.043952197	0.062219755
4.524	0.042619274	0.062297509
4.53	0.041246191	0.062371211
4.536	0.039834458	0.062440944
4.542	0.038385679	0.062506787
4.548	0.036901513	0.062568813
4.554	0.035383652	0.062627094
4.56	0.033833802	0.062681694
4.566	0.032253669	0.062732678
4.572	0.030644954	0.062780105
4.578	0.029009345	0.06282403
4.584	0.027348513	0.062864505
4.59	0.025664113	0.062901578
4.596	0.02395778	0.062935296
4.602	0.022231131	0.062965699
4.608	0.020485763	0.062992827
4.614	0.018723257	0.063016715
4.62	0.016945175	0.063037394
4.626	0.015153062	0.063054894
4.632	0.01334845	0.06306924
4.638	0.011532856	0.063080456
4.644	0.009707785	0.06308856
4.65	0.00787473	0.063093569
4.656	0.006035175	0.063095496
4.662	0.004190594	0.063094353
4.668	0.002342456	0.063090146
4.674	0.000492221	0.063082881
4.68	-0.001358652	0.063072558
4.686	-0.003208709	0.063059176
4.692	-0.005056499	0.063042731
4.698	-0.006900568	0.063023216
4.704	-0.008739465	0.06300062
4.71	-0.010571733	0.062974931
4.716	-0.012395914	0.062946132
4.722	-0.014210545	0.062914204
4.728	-0.016014154	0.062879125
4.734	-0.017805266	0.06284087
4.74	-0.019582394	0.062799411
4.746	-0.021344042	0.062754718
4.752	-0.023088704	0.062706755
4.758	-0.02481486	0.062655487
4.764	-0.026520978	0.062600873
4.77	-0.028205506	0.062542869
4.776	-0.029866875	0.062481429
4.782	-0.031503493	0.062416504
4.788	-0.033113739	0.062348041
4.794	-0.03469596	0.062275983
4.8	-0.036248462	0.062200271
4.806	-0.037769512	0.062120843
4.812	-0.039257332	0.062037633
4.818	-0.040710114	0.061950569
4.824	-0.042126031	0.061859581
4.83	-0.043503272	0.061764589
4.836	-0.044840096	0.061665516
4.842	-0.04613491	0.061562275
4.848	-0.047386361	0.06145478
4.854	-0.048593466	0.061342938
4.86	-0.049755674	0.061226654
4.866	-0.050872831	0.061105828
4.872	-0.051945093	0.060980357
4.878	-0.052972843	0.060850131
4.884	-0.053956627	0.06071504
4.89	-0.054897091	0.060574966
4.896	-0.055794947	0.060429788
4.902	-0.056650942	0.060279381
4.908	-0.057465836	0.060123614
4.914	-0.058240387	0.059962351
4.92	-0.058975341	0.059795453
4.926	-0.059671425	0.059622775
4.932	-0.060329342	0.059444165
4.938	-0.060949767	0.059259468
4.944	-0.061533345	0.059068524
4.95	-0.062080692	0.058871165
4.956	-0.062592388	0.05866722
4.962	-0.063068985	0.058456509
4.968	-0.063511	0.058238848
4.974	-0.063918918	0.058014047
4.98	-0.064293193	0.057781909
4.986	-0.064634244	0.057542231
4.992	-0.064942462	0.057294802
4.998	-0.065218203	0.057039406
5.004	-0.065461795	0.056775818
5.01	-0.065673533	0.056503807
5.016	-0.065853682	0.056223134
5.022	-0.066002477	0.055933552
5.028	-0.066120123	0.055634808
5.034	-0.066206795	0.055326638
5.04	-0.066262638	0.055008772
5.046	-0.066287768	0.05468093
5.052	-0.066282273	0.054342824
5.058	-0.06624621	0.053994156
5.064	-0.066179609	0.05363462
5.07	-0.066082468	0.053263898
5.076	-0.06595476	0.052881665
5.082	-0.065796426	0.052487584
5.088	-0.065607381	0.052081308
5.094	-0.06538751	0.051662478
5.1	-0.065136667	0.051230727
5.106	-0.06485468	0.050785673
5.112	-0.064541348	0.050326924
5.118	-0.064196438	0.049854076
5.124	-0.063819691	4.94E-02
5.13	-0.063410816	0.048864403
5.136	-0.062969496	0.048346706
5.142	-0.06249538	0.047813165
5.148	-0.061988092	0.047263312
5.154	-0.061447224	0.046696662
5.16	-0.060872336	0.04611272
5.166	-0.060262954	0.04551097
5.172	-0.05961857	0.044890886
5.178	-0.058938638	0.044251919
5.184	-0.058222574	0.043593502
5.19	-0.057469749	0.042915045
5.196	-0.056679489	0.042215933
5.202	-0.055851068	0.041495517
5.208	-0.054983706	0.040753123
5.214	-0.054076575	0.039988043
5.22	-0.053128803	0.039199547
5.226	-0.052139502	0.038386897
5.232	-0.051107808	0.037549374
5.238	-0.050032941	0.036686319
5.244	-0.048914292	0.03579719
5.25	-0.047751529	0.034881633
5.256	-0.046544731	0.033939571
5.262	-0.04529441	0.032971218
5.268	-0.044001444	0.031977036
5.274	-0.042666998	0.030957678
5.28	-0.041292439	0.029913939
5.286	-0.039879277	0.028846706
5.292	-0.038429112	0.027756933
5.298	-0.036943603	0.026645614
5.304	-0.035424441	0.025513764
5.31	-0.03387333	0.024362411
5.316	-0.032291975	0.023192585
5.322	-0.030682076	0.022005314
5.328	-0.029045319	0.020801617
5.334	-0.027383374	0.019582508
5.34	-0.025697897	0.018348986
5.346	-0.023990519	0.017102042
5.352	-0.022262858	0.015842654
5.358	-0.02051651	0.014571789
5.364	-0.018753054	0.013290403
5.37	-0.01697405	0.011999441
5.376	-0.015181045	0.010699839
5.382	-0.013375568	0.009392523
5.388	-0.011559136	0.00807841
5.394	-0.009733253	0.006758409
5.4	-0.007899411	0.005433424
5.406	-0.006059093	0.00410435
5.412	-0.004213773	0.002772079
5.418	-0.002364918	0.001437497
5.424	-0.00051399	0.000101486
5.43	0.001337556	-0.001235074
5.436	0.003188265	-0.002571305
5.442	0.005036687	-0.003906332
5.448	0.006881368	-0.005239278
5.454	0.008720858	-0.006569267
5.46	0.010553701	-0.007895423
5.466	0.012378439	-0.009216865
5.472	0.014193609	-0.010532713
5.478	0.015997742	-0.01184208
5.484	0.017789361	-0.013144077
5.49	0.01956698	-0.01443781
5.496	0.021329104	-0.015722378
5.502	0.023074228	-0.016996874
5.508	0.024800831	-0.018260385
5.514	0.026507382	-0.019511989
5.52	0.02819233	-0.020750752
5.526	0.029854106	-0.021975733
5.532	0.031491119	-0.023185972
5.538	0.033101747	-0.024380495
5.544	0.034684338	-0.025558307
5.55	0.036237199	-0.026718388
5.556	0.037758597	-0.027859691
5.562	0.039246754	-0.028981143
5.568	0.040699863	-0.030081643
5.574	0.042116096	-0.031160079
5.58	0.043493644	-0.03221535
5.586	0.044830766	-0.033246401
5.592	0.046125867	-0.034252275
5.598	0.047377598	-0.035232178
5.604	0.048584973	-0.036185566
5.61	0.049747444	-0.037112185
5.616	0.050864855	-0.038012047
5.622	0.051937363	-0.038885376
5.628	0.052965352	-0.039732551
5.634	0.053949366	-0.04055406
5.64	0.054890055	-0.041350466
5.646	0.055788128	-0.042122377
5.652	0.056644334	-0.042870428
5.658	0.057459432	-0.043595266
5.664	0.05823418	-0.044297544
5.67	0.058969326	-0.044977909
5.676	0.059665596	-0.045636999
5.682	0.060323692	-0.046275444
5.688	0.060944292	-0.046893855
5.694	0.061528039	-0.047492832
5.7	0.062075549	-0.048072958
5.706	0.062587404	-0.048634799
5.712	0.063064155	-0.049178906
5.718	0.063506319	-0.049705812
5.724	0.063914382	-0.050216036
5.73	0.064288796	-0.05071008
5.736	0.064629983	-0.051188431
5.742	0.064938332	-0.051651559
5.748	0.065214201	-0.052099921
5.754	0.065457917	-0.052533959
5.76	0.065669774	-0.052954103
5.766	0.065850039	-0.053360765
5.772	0.065998947	-0.053754349
5.778	0.066116702	-0.054135241
5.784	0.066203479	-0.054503819
5.79	0.066259424	-0.054860446
5.796	0.066284654	-0.055205474
5.802	0.066279255	-0.055539244
5.808	0.066243285	-0.055862086
5.814	0.066176774	-0.05617432
5.82	0.06607972	-0.056476252
5.826	0.065952097	-0.056768183
5.832	0.065793846	-0.0570504
5.838	0.06560488	-0.057323182
5.844	0.065385086	-0.0575868
5.85	0.065134318	-0.057841514
5.856	0.064852403	-0.058087576
5.862	0.064539141	-0.05832523
5.868	0.064194299	-0.05855471
5.874	0.063817618	-0.058776245
5.88	0.063408807	-0.058990054
5.886	0.062967549	-0.059196349
5.892	0.062493493	-0.059395334
5.898	0.061986264	-0.059587207
5.904	0.061445452	-0.059772158
5.91	0.060870618	-0.059950372
5.916	0.060261289	-0.060122029
5.922	0.059616957	-0.060287305
5.928	0.058937075	-0.06044637
5.934	0.058221059	-0.060599391
5.94	0.057468281	-0.060746529
5.946	0.056678066	-0.060887938
5.952	0.055849688	-0.06102377
5.958	0.054982369	-0.061154168
5.964	0.054075279	-0.061279274
5.97	0.053127547	-0.061399221
5.976	0.052138285	-0.061514139
5.982	0.051106628	-0.061624151
5.988	5.00E-02	-0.061729378
5.994	0.048913184	-0.061829933
6	0.047750455	-0.061925926
