3.006	-0.035436869	-0.015520123
3.012	-0.036491923	-0.015979639
3.018	-0.037574872	-0.01645128
3.024	-0.038684958	-0.016934703
3.03	-0.039821262	-0.017429494
3.036	-0.040982755	-0.017935191
3.042	-0.042168336	-0.018451298
3.048	-0.043376857	-0.018977299
3.054	-0.044607141	-0.019512664
3.06	-0.045858	-0.020056859
3.066	-0.047128238	-0.020609344
3.072	-0.048416662	-0.021169584
3.078	-0.049722087	-0.021737042
3.084	-0.051043334	-0.022311187
3.09	-0.052379235	-0.022891492
3.096	-0.053728634	-0.023477434
3.102	-0.055090384	-0.024068495
3.108	-0.056463353	-0.02466416
3.114	-0.057846415	-0.025263921
3.12	-0.059238459	-0.025867273
3.126	-0.060638379	-0.026473715
3.132	-0.062045082	-0.027082748
3.138	-0.063457479	-0.027693879
3.144	-0.06487449	-0.028306614
3.15	-0.066295041	-0.028920465
3.156	-0.067718062	-0.029534943
3.162	-0.069142489	-0.030149562
3.168	-0.070567258	-0.030763835
3.174	-0.07199131	-0.031377279
3.18	-0.073413586	-0.031989406
3.186	-0.074833027	-0.032599732
3.192	-0.076248573	-0.03320777
3.198	-0.077659162	-0.033813032
3.204	-0.079063731	-0.034415029
3.21	-0.080461211	-0.035013268
3.216	-0.081850529	-0.035607255
3.222	-0.083230606	-0.036196493
3.228	-0.084600359	-0.036780479
3.234	-0.085958693	-0.03735871
3.24	-0.087304507	-0.037930674
3.246	-0.088636692	-0.038495859
3.252	-0.089954126	-0.039053744
3.258	-0.091255678	-0.039603804
3.264	-0.092540202	-0.040145508
3.27	-0.093806541	-0.040678317
3.276	-0.095053518	-0.041201684
3.282	-0.096279939	-0.041715054
3.288	-0.097484586	-0.042217859
3.294	-0.098666216	-0.04270952
3.3	-0.099823553	-0.043189443
3.306	-0.100955288	-0.043657018
3.312	-0.10206008	-0.044111617
3.318	-0.103136562	-0.044552603
3.324	-0.104183352	-0.044979324
3.33	-0.10519908	-0.045391137
3.336	-0.106182427	-0.045787417
3.342	-0.10713218	-0.046167584
3.348	-0.108047309	-0.04653114
3.354	-0.108927059	-0.046877707
3.36	-0.109770999	-0.047207048
3.366	-0.11057899	-0.047519057
3.372	-0.111351128	-0.047813729
3.378	-0.112087679	-0.048091134
3.384	-0.112789025	-0.048351393
3.39	-0.113455625	-0.048594658
3.396	-0.114087982	-0.048821103
3.402	-0.114686627	-0.049030908
3.408	-0.115252096	-0.049224258
3.414	-0.115784921	-0.049401333
3.42	-0.116285625	-0.049562308
3.426	-0.116754714	-0.049707349
3.432	-0.117192671	-0.049836611
3.438	-0.117599959	-0.049950236
3.444	-0.117977016	-0.050048356
3.45	-0.118324252	-0.050131088
3.456	-0.118642052	-0.050198536
3.462	-0.118930775	-0.05025079
3.468	-0.119190752	-0.050287927
3.474	-0.119422288	-0.050310008
3.48	-0.119625659	-0.050317083
3.486	-0.119801118	-0.050309187
3.492	-0.119948888	-0.050286339
3.498	-0.120069167	-0.050248546
3.504	-0.120162127	-0.050195802
3.51	-0.120227913	-0.050128084
3.516	-0.120266645	-0.050045357
3.522	-0.120278416	-0.049947573
3.528	-0.120263296	-0.049834667
3.534	-0.120221327	-0.049706563
3.54	-0.120152526	-0.049563168
3.546	-0.120056885	-0.049404378
3.552	-0.11993437	-0.049230072
3.558	-0.119784923	-0.049040116
3.564	-0.119608459	-0.048834361
3.57	-0.11940487	-0.048612645
3.576	-0.11917402	-0.048374789
3.582	-0.118915748	-0.0481206
3.588	-0.11862987	-0.047849871
3.594	-0.118316173	-0.047562379
3.6	-0.117974419	-0.047257886
3.606	-0.117604346	-0.046936137
3.612	-0.117205662	-0.046596864
3.618	-0.116778053	-0.046239782
3.624	-0.116321174	-0.045864588
3.63	-0.115834658	-0.045470965
3.636	-0.115318106	-0.045058579
3.642	-0.114771097	-0.044627079
3.648	-0.114193179	-0.044176098
3.654	-0.113583874	-0.04370525
3.66	-0.112942674	-0.043214134
3.666	-0.112269041	-0.042702329
3.672	-0.1115624	-0.042169396
3.678	-0.110822146	-0.041614874
3.684	-0.110047631	-0.041038281
3.69	-0.109238172	-0.040439107
3.696	-0.108393035	-0.039816815
3.702	-0.107511442	-0.039170836
3.708	-0.106592559	-0.038500566
3.714	-0.105635507	-0.037805372
3.72	-0.104639363	-0.037084591
3.726	-0.103603193	-0.036337555
3.732	-0.102526085	-0.035563609
3.738	-0.101407215	-0.034762157
3.744	-0.100245928	-0.033932719
3.75	-0.099041851	-0.033074999
3.756	-0.097795021	-0.032188979
3.762	-0.096505911	-0.031274928
3.768	-0.095175361	-0.030333363
3.774	-0.093804498	-0.029364989
3.78	-0.092394652	-0.028370651
3.786	-0.090947298	-0.027351286
3.792	-0.089464003	-0.026307895
3.798	-0.087946392	-0.025241518
3.804	-0.086396125	-0.024153216
3.81	-0.084814873	-0.023044059
3.816	-0.083204314	-0.021915119
3.822	-0.081566117	-0.020767465
3.828	-0.079901941	-0.019602157
3.834	-0.078213428	-0.018420244
3.84	-0.076502206	-0.017222765
3.846	-0.074769884	-0.016010744
3.852	-0.073018053	-0.014785196
3.858	-0.071248284	-0.013547121
3.864	-0.069462134	-0.012297508
3.87	-0.067661141	-0.011037333
3.876	-0.065846829	-0.009767562
3.882	-0.064020706	-0.008489152
3.888	-0.062184269	-0.007203048
3.894	-0.060339001	-0.005910187
3.9	-0.058486377	-0.004611499
3.906	-0.056627859	-0.003307908
3.912	-0.054764903	-0.002000328
3.918	-0.05289896	-0.000689671
3.924	-0.051031474	0.000623157
3.93	-0.049163884	0.001937253
3.936	-0.047297628	0.003251718
3.942	-0.045434143	0.004565652
3.948	-0.043574865	0.005878161
3.954	-0.041721231	0.007188347
3.96	-0.039874683	0.008495313
3.966	-0.038036665	0.009798162
3.972	-0.036208627	0.011095992
3.978	-0.034392025	0.012387901
3.984	-0.032588325	0.013672981
3.99	-0.030798999	0.014950322
3.996	-0.02902553	0.016219006
4.002	-0.027269415	0.017478112
4.008	-0.02553216	0.018726709
4.014	-0.023815289	0.019963861
4.02	-0.02212034	0.021188622
4.026	-0.020448873	0.022400033
4.032	-0.018802471	0.023597125
4.038	-0.017182744	0.024778907
4.044	-0.015591337	0.025944374
4.05	-0.014029932	0.027092492
4.056	-0.012500257	0.028222204
4.062	-0.011004077	0.029332424
4.068	-0.009543196	0.03042204
4.074	-0.008119432	0.03148993
4.08	-0.006734586	0.032534982
4.086	-0.005390392	0.033556131
4.092	-0.004088438	0.034552409
4.098	-0.002830068	0.035523014
4.104	-0.001616258	0.036467392
4.11	-0.000447553	0.03738528
4.116	0.0006759	0.038276683
4.122	0.001754261	0.039141814
4.128	0.002787923	0.039981046
4.134	0.003777434	0.040794859
4.14	0.004723449	0.041583806
4.146	0.005626683	0.042348489
4.152	0.00648789	0.043089537
4.158	0.007307834	0.043807589
4.164	0.008087279	0.044503291
4.17	0.008826974	0.045177284
4.176	0.009527653	0.0458302
4.182	0.010190023	0.046462661
4.188	0.010814762	0.047075274
4.194	0.011402521	0.047668633
4.2	0.011953919	0.048243315
4.206	0.012469541	0.048799881
4.212	0.012949942	0.049338876
4.218	0.013395643	0.049860829
4.224	0.013807133	0.050366253
4.23	0.014184869	0.050855646
4.236	0.014529274	0.05132949
4.242	0.014840742	0.05178825
4.248	0.015119632	0.05223238
4.254	0.015366276	0.052662318
4.26	0.015580971	0.053078488
4.266	0.015763986	0.053481299
4.272	0.015915558	0.053871151
4.278	0.016035894	0.054248428
4.284	0.016125173	0.054613502
4.29	0.016183543	0.054966733
4.296	0.016211122	0.055308471
4.302	0.016207999	0.055639054
4.308	0.016174235	0.055958807
4.314	0.016109861	0.056268046
4.32	0.01601488	0.056567078
4.326	0.015889263	0.056856197
4.332	0.015732957	0.05713569
4.338	0.015545876	0.057405833
4.344	0.015327908	0.057666893
4.35	0.01507891	0.057919128
4.356	0.014798711	0.058162788
4.362	0.01448711	0.058398114
4.368	0.014143879	0.05862534
4.374	0.013768758	0.058844689
4.38	0.013361459	0.05905638
4.386	0.012921666	0.059260623
4.392	0.012449031	0.059457619
4.398	0.011943177	0.059647564
4.404	0.011403698	0.059830648
4.41	0.010830157	0.060007052
4.416	0.01022208	0.060176956
4.422	0.00957896	0.060340533
4.428	0.008900254	0.060497951
4.434	0.008185377	0.060649377
4.44	0.007433703	0.060794968
4.446	0.006644558	0.060934878
4.452	0.005817217	0.061069258
4.458	0.004950903	0.06119825
4.464	0.004044786	0.061321992
4.47	0.003097997	0.061440618
4.476	0.002109649	0.061554255
4.482	0.001078879	0.061663027
4.488	4.91E-06	0.061767051
4.494	-0.001112875	0.061866441
4.5	-0.002274798	0.061961304
4.506	-0.003480782	0.062051746
4.512	-0.004730314	0.062137865
4.518	-0.006022515	0.062219755
4.524	-0.007356221	0.062297509
4.53	-0.008730061	0.062371211
4.536	-0.010142528	0.062440944
4.542	-0.011592019	0.062506787
4.548	-0.013076874	0.062568813
4.554	-0.014595403	0.062627094
4.56	-0.016145901	0.062681694
4.566	-0.017726661	0.062732678
4.572	-0.019335984	0.062780105
4.578	-0.020972183	0.06282403
4.584	-0.022633586	0.062864505
4.59	-0.024318539	0.062901578
4.596	-0.026025408	0.062935296
4.602	-0.027752577	0.062965699
4.608	-0.029498448	0.062992827
4.614	-0.031261442	0.063016715
4.62	-0.033039998	0.063037394
4.626	-0.034832569	0.063054894
4.632	-0.036637625	0.06306924
4.638	-0.038453649	0.063080456
4.644	-0.040279137	0.06308856
4.65	-0.042112596	0.063093569
4.656	-0.043952543	0.063095496
4.662	-0.045797503	0.063094353
4.668	-0.047646009	0.063090146
4.674	-0.0494966	0.063082881
4.68	-0.051347819	0.063072558
4.686	-0.053198211	0.063059176
4.692	-0.055046325	0.063042731
4.698	-0.056890709	0.063023216
4.704	-0.05872991	0.06300062
4.71	-0.060562473	0.062974931
4.716	-0.06238694	0.062946132
4.722	-0.064201848	0.062914204
4.728	-0.066005726	0.062879125
4.734	-0.067797098	0.06284087
4.74	-0.069574478	0.062799411
4.746	-0.071336371	0.062754718
4.752	-0.07308127	0.062706755
4.758	-0.074807656	0.062655487
4.764	-0.076513996	0.062600873
4.77	-0.078198739	0.062542869
4.776	-0.079860318	0.062481429
4.782	-0.081497138	0.062416504
4.788	-0.083107581	0.062348041
4.794	-0.084689992	0.062275983
4.8	-0.086242678	0.062200271
4.806	-0.087763906	0.062120843
4.812	-0.0892519	0.062037633
4.818	-0.09070485	0.061950569
4.824	-0.092120929	0.061859581
4.83	-0.093498327	0.061764589
4.836	-0.094835305	0.061665516
4.842	-0.096130266	0.061562275
4.848	-0.097381861	0.06145478
4.854	-0.098589104	0.061342938
4.86	-0.099751448	0.061226654
4.866	-0.100868735	0.061105828
4.872	-0.101941123	0.060980357
4.878	-0.102968996	0.060850131
4.884	-0.103952898	0.06071504
4.89	-0.104893477	0.060574966
4.896	-0.105791445	0.060429788
4.902	-0.106647549	0.060279381
4.908	-0.107462547	0.060123614
4.914	-0.1082372	0.059962351
4.92	-0.108972252	0.059795453
4.926	-0.109668431	0.059622775
4.932	-0.110326441	0.059444165
4.938	-0.110946955	0.059259468
4.944	-0.11153062	0.059068524
4.95	-0.112078051	0.058871165
4.956	-0.112589829	0.05866722
4.962	-0.113066505	0.058456509
4.968	-0.113508596	0.058238848
4.974	-0.113916588	0.058014047
4.98	-0.114290935	0.057781909
4.986	-0.114632056	0.057542231
4.992	-0.114940341	0.057294802
4.998	-0.115216148	0.057039406
5.004	-0.115459803	0.056775818
5.01	-0.115671603	0.056503807
5.016	-0.115851811	0.056223134
5.022	-0.116000664	0.055933552
5.028	-0.116118366	0.055634808
5.034	-0.116205092	0.055326638
5.04	-0.116260987	0.055008772
5.046	-0.116286169	0.05468093
5.052	-0.116280723	0.054342824
5.058	-0.116244708	0.053994156
5.064	-0.116178153	0.05363462
5.07	-0.116081057	0.053263898
5.076	-0.115953392	0.052881665
5.082	-0.115795101	0.052487584
5.088	-0.115606097	0.052081308
5.094	-0.115386265	0.051662478
5.1	-0.11513546	0.051230727
5.106	-0.114853511	0.050785673
5.112	-0.114540214	0.050326924
5.118	-0.11419534	0.049854076
5.124	-0.113818626	4.94E-02
5.13	-0.113409784	0.048864403
5.136	-0.112968496	0.048346706
5.142	-0.112494411	0.047813165
5.148	-0.111987153	0.047263312
5.154	-0.111446314	0.046696662
5.16	-0.110871454	0.04611272
5.166	-0.110262099	0.04551097
5.172	-0.109617741	0.044890886
5.178	-0.108937835	0.044251919
5.184	-0.108221796	0.043593502
5.19	-0.107468995	0.042915045
5.196	-0.106678758	0.042215933
5.202	-0.105850359	0.041495517
5.208	-0.104983019	0.040753123
5.214	-0.104075909	0.039988043
5.22	-0.103128157	0.039199547
5.226	-0.102138877	0.038386897
5.232	-0.101107202	0.037549374
5.238	-0.100032354	0.036686319
5.244	-0.098913723	0.03579719
5.25	-0.097750978	0.034881633
5.256	-0.096544197	0.033939571
5.262	-0.095293891	0.032971218
5.268	-0.094000942	0.031977036
5.274	-0.092666511	0.030957678
5.28	-0.091291968	0.029913939
5.286	-0.08987882	0.028846706
5.292	-0.088428669	0.027756933
5.298	-0.086943174	0.026645614
5.304	-0.085424025	0.025513764
5.31	-0.083872926	0.024362411
5.316	-0.082291584	0.023192585
5.322	-0.080681697	0.022005314
5.328	-0.079044951	0.020801617
5.334	-0.077383019	0.019582508
5.34	-0.075697552	0.018348986
5.346	-0.073990185	0.017102042
5.352	-0.072262534	0.015842654
5.358	-0.070516196	0.014571789
5.364	-0.068752749	0.013290403
5.37	-0.066973755	0.011999441
5.376	-0.065180759	0.010699839
5.382	-0.063375291	0.009392523
5.388	-0.061558868	0.00807841
5.394	-0.059732993	0.006758409
5.4	-0.057899159	0.005433424
5.406	-0.056058849	0.00410435
5.412	-0.054213536	0.002772079
5.418	-0.052364689	0.001437497
5.424	-0.050513767	0.000101486
5.43	-0.048662228	-0.001235074
5.436	-0.046811526	-0.002571305
5.442	-0.044963111	-0.003906332
5.448	-0.043118435	-0.005239278
5.454	-0.041278952	-0.006569267
5.46	-0.039446114	-0.007895423
5.466	-0.037621382	-0.009216865
5.472	-0.035806217	-0.010532713
5.478	-0.03400209	-0.01184208
5.484	-0.032210476	-0.013144077
5.49	-0.030432862	-0.01443781
5.496	-0.028670743	-0.015722378
5.502	-0.026925624	-0.016996874
5.508	-0.025199025	-0.018260385
5.514	-0.023492479	-0.019511989
5.52	-0.021807535	-0.020750752
5.526	-0.020145763	-0.021975733
5.532	-0.018508754	-0.023185972
5.538	-0.01689813	-0.024380495
5.544	-0.015315543	-0.025558307
5.55	-0.013762685	-0.026718388
5.556	-0.012241291	-0.027859691
5.562	-0.010753137	-0.028981143
5.568	-0.009300032	-0.030081643
5.574	-0.007883802	-0.031160079
5.58	-0.006506258	-0.03221535
5.586	-0.005169138	-0.033246401
5.592	-0.00387404	-0.034252275
5.598	-0.002622312	-0.035232178
5.604	-0.00141494	-0.036185566
5.61	-0.000252472	-0.037112185
5.616	0.000864937	-0.038012047
5.622	0.001937442	-0.038885376
5.628	0.002965429	-0.039732551
5.634	0.003949441	-0.04055406
5.64	0.004890127	-0.041350466
5.646	0.005788198	-0.042122377
5.652	0.006644402	-0.042870428
5.658	0.007459498	-0.043595266
5.664	0.008234244	-0.044297544
5.67	0.008969388	-0.044977909
5.676	0.009665656	-0.045636999
5.682	0.010323751	-0.046275444
5.688	0.010944348	-0.046893855
5.694	0.011528094	-0.047492832
5.7	0.012075602	-0.048072958
5.706	0.012587456	-0.048634799
5.712	0.013064205	-0.049178906
5.718	0.013506367	-0.049705812
5.724	0.013914428	-0.050216036
5.73	0.014288841	-0.05071008
5.736	0.014630027	-0.051188431
5.742	0.014938375	-0.051651559
5.748	0.015214242	-0.052099921
5.754	0.015457957	-0.052533959
5.76	0.015669813	-0.052954103
5.766	0.015850077	-0.053360765
5.772	0.015998983	-0.053754349
5.778	0.016116737	-0.054135241
5.784	0.016203513	-0.054503819
5.79	0.016259457	-0.054860446
5.796	0.016284686	-0.055205474
5.802	0.016279286	-0.055539244
5.808	0.016243315	-0.055862086
5.814	0.016176803	-0.05617432
5.82	0.016079749	-0.056476252
5.826	0.015952124	-0.056768183
5.832	0.015793872	-0.0570504
5.838	0.015604906	-0.057323182
5.844	0.015385111	-0.0575868
5.85	0.015134342	-0.057841514
5.856	0.014852427	-0.058087576
5.862	0.014539164	-0.05832523
5.868	0.014194321	-0.05855471
5.874	0.013817639	-0.058776245
5.88	0.013408828	-0.058990054
5.886	0.012967569	-0.059196349
5.892	0.012493513	-0.059395334
5.898	0.011986283	-0.059587207
5.904	0.01144547	-0.059772158
5.91	0.010870636	-0.059950372
5.916	0.010261307	-0.060122029
5.922	0.009616973	-0.060287305
5.928	0.008937091	-0.06044637
5.934	0.008221074	-0.060599391
5.94	0.007468296	-0.060746529
5.946	0.00667808	-0.060887938
5.952	0.005849702	-0.06102377
5.958	0.004982383	-0.061154168
5.964	0.004075292	-0.061279274
5.97	0.00312756	-0.061399221
5.976	0.002138297	-0.061514139
5.982	0.00110664	-0.061624151
5.988	3.18E-05	-0.061729378
5.994	-0.001086805	-0.061829933
6	-0.002249534	-0.061925926
